chr1	1521174	1575869	2	4	0	0	2	39
chr1	1720375	1733548	1	1	0	0	1	33
chr1	6204186	6382333	1	3	0	0	3	44
chr1	6415824	6534848	1	3	0	0	4	27
chr1	6522115	6522654	1	1	0	0	2	37
chr1	6664285	6665113	1	3	0	0	1	22
chr1	8150083	8183973	2	2	0	0	1	41
chr1	10367489	10377723	1	1	0	0	1	46
chr1	10385089	10393646	2	2	0	0	1	27
chr1	10458815	10459131	1	1	0	0	1	25
chr1	11242133	11257878	1	1	0	0	1	30
chr1	15170888	15190946	2	2	0	0	3	34
chr1	15538505	15555469	1	1	0	0	1	46
chr1	16521124	16521563	1	1	1	0	1	24
chr1	16649950	16650073	1	1	1	0	7	43
chr1	16668975	16669663	1	1	1	0	2	38
chr1	16737801	16738489	2	2	1	0	2	38
chr1	16757394	16757517	2	2	1	0	7	43
chr1	16888783	16889215	2	2	1	0	1	24
chr1	17704614	17709075	1	1	0	0	1	17
chr1	19669867	19685959	2	2	0	0	1	39
chr1	22894424	22929434	2	2	0	0	1	47
chr1	23029767	23070702	1	1	0	0	1	41
chr1	23180338	23229754	2	2	0	0	1	44
chr1	23331469	23379379	1	1	0	0	2	35
chr1	24687190	24710895	1	1	0	0	1	33
chr1	24687937	24710895	1	1	0	0	1	33
chr1	24833003	24833627	2	2	0	0	1	33
chr1	25303460	25316999	1	1	1	0	1	23
chr1	25307817	25316999	1	1	1	0	1	21
chr1	25317080	25321888	1	1	1	0	2	17
chr1	25321963	25328897	1	1	1	0	2	28
chr1	25362554	25370466	2	2	1	0	3	44
chr1	25370541	25375348	2	2	1	0	3	44
chr1	25375429	25385710	2	2	1	0	2	45
chr1	25389114	25391993	2	2	0	0	1	39
chr1	25392142	25402595	2	2	1	0	1	7
chr1	26068617	26099258	1	1	0	0	1	46
chr1	28052729	28101891	1	1	0	0	1	39
chr1	28210638	28214939	2	2	1	0	6	20
chr1	28214997	28228921	2	2	1	0	6	17
chr1	28252847	28277155	2	2	0	0	2	38
chr1	28328503	28509336	1	1	0	0	4	20
chr1	28342579	28509336	1	1	0	0	3	45
chr1	28357420	28360831	1	1	0	0	1	44
chr1	29173570	29174111	2	2	0	0	1	32
chr1	31167079	31252616	2	4	0	0	2	28
chr1	31343121	31345201	1	3	0	0	1	27
chr1	32222631	32224033	1	1	1	0	1	25
chr1	32224062	32231259	1	1	0	0	1	28
chr1	32511596	32532027	2	4	0	0	1	29
chr1	32567722	32596299	1	3	0	0	2	44
chr1	32708497	32923537	2	4	0	0	5	27
chr1	36256461	36281142	1	1	0	0	1	44
chr1	36311473	36356657	2	2	0	0	2	46
chr1	37849233	37898988	2	2	0	0	1	21
chr1	37891633	37904735	1	3	0	0	2	23
chr1	37963688	37993777	2	2	0	0	1	27
chr1	38741880	38824033	0	0	0	0	3	47
chr1	39035309	39041053	1	1	0	0	1	41
chr1	39523118	39523854	1	1	0	0	3	23
chr1	39655222	39685971	0	0	0	0	4	36
chr1	39762360	39763091	2	2	0	0	4	30
chr1	39763792	39764622	2	2	1	0	1	26
chr1	42277448	42277582	1	1	0	0	4	46
chr1	42341635	42359192	1	1	0	0	1	47
chr1	44552802	44607721	2	2	0	0	4	46
chr1	45567568	45577633	2	4	0	0	1	32
chr1	45735897	45736824	1	1	0	0	3	39
chr1	46212997	46233518	2	2	0	0	1	12
chr1	47327992	47329799	1	1	0	0	1	38
chr1	48046076	48095236	2	2	0	0	2	42
chr1	51555277	51590405	1	1	0	0	1	40
chr1	52179408	52193479	1	3	0	0	1	47
chr1	52371488	52373022	2	2	0	0	1	31
chr1	52736684	52784222	2	2	0	0	1	39
chr1	61714328	61768254	1	1	0	0	2	45
chr1	61838603	61869338	2	2	0	0	1	37
chr1	65081838	65113937	1	1	0	0	6	46
chr1	71942784	72135149	0	0	0	0	3	37
chr1	91433962	91479551	2	2	0	0	1	38
chr1	91824747	91835613	1	1	0	0	12	46
chr1	91862087	91890650	2	2	0	0	1	41
chr1	102511150	102624495	1	1	0	0	4	46
chr1	103551793	103555033	1	1	1	0	3	41
chr1	103577609	103577719	1	1	1	0	3	40
chr1	103577846	103579310	1	1	1	0	6	44
chr1	103598254	103610273	1	1	1	0	1	10
chr1	103623985	103624095	1	1	1	0	2	43
chr1	103662776	103662885	1	1	1	0	2	40
chr1	103663012	103664330	1	1	1	0	5	44
chr1	103687639	103688957	2	2	1	0	6	44
chr1	103689084	103689193	2	2	1	0	3	40
chr1	103696444	103704288	0	0	0	0	8	35
chr1	108622093	108623430	1	3	0	0	3	45
chr1	108798647	108817737	2	2	0	0	2	46
chr1	108928762	108978248	1	1	0	0	1	42
chr1	109055352	109101564	2	2	0	0	2	45
chr1	109738192	109738284	2	2	1	0	3	45
chr1	112772543	112820003	2	2	0	0	1	22
chr1	112966614	113011922	1	1	0	0	1	46
chr1	112997329	113038180	2	2	0	0	1	39
chr1	120070012	120076267	1	1	1	0	1	40
chr1	120258884	120341716	2	2	1	0	1	3
chr1	120717306	120723564	2	2	1	0	1	40
chr1	144627238	144628536	2	2	1	0	1	25
chr1	146252153	146263207	1	1	0	0	1	46
chr1	146985757	146986351	1	1	1	0	2	40
chr1	146986525	146987233	1	1	1	0	22	43
chr1	146987286	146987953	1	1	1	0	7	42
chr1	146989637	146991994	1	1	0	0	1	18
chr1	146990518	146991112	1	1	1	0	2	40
chr1	146991286	146991994	1	1	1	0	22	43
chr1	146992047	146992711	1	1	1	0	8	42
chr1	147193602	147324882	1	1	0	0	4	15
chr1	148020209	148021913	1	1	1	0	2	24
chr1	148021999	148024529	1	1	1	0	1	3
chr1	148024720	148025776	1	1	1	0	2	23
chr1	148117787	148118619	2	2	1	0	2	38
chr1	148127565	148127839	1	1	1	0	1	3
chr1	148199965	148227625	2	2	0	0	1	19
chr1	148531998	149107075	2	2	0	0	8	47
chr1	148578035	148579073	2	2	1	0	1	16
chr1	148584677	148585140	2	2	1	0	1	10
chr1	148585214	148586254	2	2	1	0	1	11
chr1	148592767	148593597	2	2	1	0	2	38
chr1	148844795	148863249	1	1	1	0	1	18
chr1	148889530	148889783	1	1	1	0	4	41
chr1	148889895	148929196	1	1	1	0	1	44
chr1	148905327	148922730	1	1	0	0	30	41
chr1	148929274	148931799	1	1	1	0	8	38
chr1	149054649	149107075	2	2	0	0	8	47
chr1	149064483	149065525	2	2	1	0	1	16
chr1	149079222	149080052	2	2	1	0	2	38
chr1	149190532	149197995	2	2	1	0	3	31
chr1	149198172	149198360	2	2	1	0	6	42
chr1	149198485	149201013	2	2	1	0	8	38
chr1	149201091	149240376	2	2	1	0	3	44
chr1	149240488	149240741	2	2	1	0	4	41
chr1	149267025	149285453	2	2	1	0	1	18
chr1	149479095	149480141	1	1	1	0	1	11
chr1	149480215	149480678	1	1	1	0	1	10
chr1	149825509	149865713	2	2	0	0	2	43
chr1	149830185	149844448	2	2	0	0	1	12
chr1	149833115	149834134	1	1	1	0	40	46
chr1	149833856	149834134	1	1	0	0	4	33
chr1	149833865	149834134	1	1	1	0	9	47
chr1	149834705	149834815	1	1	0	0	1	26
chr1	149859001	149859111	2	2	0	0	1	26
chr1	149859682	149859951	2	2	1	0	9	47
chr1	149859682	149859960	2	2	0	0	4	33
chr1	150167466	150183007	1	1	0	0	1	39
chr1	150190496	150191667	1	3	1	0	1	16
chr1	150312539	150330949	2	2	0	0	1	39
chr1	150369552	150398291	1	1	0	0	2	43
chr1	150993397	150996630	2	2	0	0	1	38
chr1	151272288	151273210	2	2	0	0	1	39
chr1	151328340	151330494	1	1	1	0	2	5
chr1	154005847	154014985	2	2	0	0	1	22
chr1	154444304	154474599	1	1	0	0	1	44
chr1	154907314	154939454	1	1	0	0	1	45
chr1	155414424	155449633	2	2	0	0	1	45
chr1	155986254	156016278	1	3	0	0	1	25
chr1	156172347	156204237	2	2	0	0	1	34
chr1	156375883	156538203	1	3	0	0	4	44
chr1	160289636	160289752	1	3	0	0	1	27
chr1	161140378	161143108	1	1	0	0	1	42
chr1	162558940	162608219	1	3	0	0	1	25
chr1	168576699	168580062	1	1	1	0	2	42
chr1	174622746	174634924	2	2	0	0	1	15
chr1	174622746	174638927	2	2	0	0	1	15
chr1	202231875	202271588	2	2	0	0	1	44
chr1	202361126	202449918	2	2	0	0	2	40
chr1	202819312	202843924	1	3	0	0	2	27
chr1	203574941	203665586	1	1	0	0	2	14
chr1	204598133	204620396	2	2	0	0	3	46
chr1	205279167	205326451	1	1	0	0	1	29
chr1	225786986	225789239	1	1	1	0	1	9
chr1	230374192	230406081	1	1	0	0	1	34
chr1	235072013	235103696	1	1	0	0	1	32
chr1	235080741	235117393	1	1	0	0	1	29
chr1	236450631	236455871	2	2	0	0	5	24
chr1	240478320	240510342	2	4	0	0	1	27
chr1	245303431	245470662	2	2	0	0	6	46
chr1	246685555	246810498	2	2	0	0	18	45
chr1	247159868	247171847	2	2	1	0	3	27
chr2	4648913	4796039	2	2	0	0	3	43
chr2	11429779	11441268	1	1	0	0	3	43
chr2	16041176	16074698	1	1	0	0	1	24
chr2	20466985	20480594	1	1	0	0	1	46
chr2	23935011	23935987	1	1	0	0	1	39
chr2	23973574	24002645	1	1	0	0	1	20
chr2	25696627	25713215	2	4	0	0	2	27
chr2	25884617	25892565	2	2	0	0	1	45
chr2	27349068	27383066	2	2	0	0	1	46
chr2	27398795	27431272	2	4	0	0	1	27
chr2	28872543	28909343	1	3	0	0	2	41
chr2	32276240	32293247	1	1	0	0	1	14
chr2	32276321	32446970	2	4	0	0	3	46
chr2	32390359	32438748	1	1	0	0	1	36
chr2	38649653	38678098	2	2	0	0	1	33
chr2	47427579	47450437	1	1	0	0	1	46
chr2	59559113	59648893	2	2	0	0	2	41
chr2	61429999	61433420	1	1	0	0	1	46
chr2	65250150	65250459	1	1	0	0	1	46
chr2	70231073	70279852	1	1	0	0	1	32
chr2	70279002	70313851	1	1	0	0	1	25
chr2	70294180	70335910	2	2	0	0	3	38
chr2	85284243	85319408	2	2	0	0	1	39
chr2	85356668	85361714	1	1	0	0	1	46
chr2	86720810	86740926	1	1	1	0	2	34
chr2	87055801	87075918	2	2	1	0	1	18
chr2	87156515	87161616	1	1	0	0	1	21
chr2	95035902	95064441	2	2	0	0	2	41
chr2	97113937	97118063	1	1	1	0	6	33
chr2	97118179	97118343	1	1	1	0	15	44
chr2	97118190	97118350	2	2	0	0	1	17
chr2	97118518	97122886	1	1	1	0	1	15
chr2	97122994	97124459	1	1	1	0	1	26
chr2	97179767	97179860	1	1	1	0	3	18
chr2	97179934	97181597	1	1	1	0	1	29
chr2	97181627	97181720	1	1	1	0	1	29
chr2	97183634	97217351	1	1	0	0	1	21
chr2	97187227	97187328	1	1	1	0	2	9
chr2	97187402	97189086	1	1	1	0	2	12
chr2	97189116	97189217	1	1	1	0	3	9
chr2	97189291	97190977	1	1	1	0	4	12
chr2	97191007	97213541	1	1	0	0	1	29
chr2	97202231	97202320	1	1	1	0	1	9
chr2	97202394	97204067	1	1	1	0	1	12
chr2	97206136	97207810	1	1	1	0	2	11
chr2	97207840	97207933	1	1	1	0	1	29
chr2	97209873	97211545	1	1	1	0	1	29
chr2	97211575	97211668	1	1	1	0	1	6
chr2	97213448	97213541	1	1	1	0	2	9
chr2	97213615	97215300	1	1	1	0	15	29
chr2	97215330	97215424	1	1	1	0	10	30
chr2	97215498	97216937	1	1	0	0	1	37
chr2	97215498	97217176	1	1	1	0	17	29
chr2	97217206	97217299	1	1	1	0	34	38
chr2	97217373	97219049	1	1	1	0	12	29
chr2	97219079	97219173	1	1	1	0	3	10
chr2	97219247	97224805	1	1	1	0	23	47
chr2	97219247	97224808	1	1	1	0	19	45
chr2	97224880	97233729	1	1	1	0	50	46
chr2	97224880	97241265	1	1	0	0	1	40
chr2	97233872	97235124	1	1	0	0	4	37
chr2	97233872	97241265	1	1	1	0	71	44
chr2	97235202	97241265	1	1	0	0	2	42
chr2	97241480	97243845	1	1	1	0	12	15
chr2	97243768	97243845	1	1	0	0	1	22
chr2	97244030	97245156	1	1	1	0	4	33
chr2	97245500	97249180	0	0	0	0	3	47
chr2	97245641	97245861	1	1	0	0	1	45
chr2	97246072	97247475	1	1	1	0	9	34
chr2	97247629	97249143	1	1	1	0	6	37
chr2	97247629	97264328	1	1	0	0	1	37
chr2	97249215	97249551	1	1	1	0	9	43
chr2	97249646	97250143	1	1	1	0	2	30
chr2	97276699	97284689	1	1	1	0	2	3
chr2	97283668	97284689	1	1	1	0	2	3
chr2	97284161	97284700	1	3	1	0	4	43
chr2	97284165	97284689	1	3	1	0	1	15
chr2	97284165	97284700	1	3	1	0	1	29
chr2	97284167	97284689	1	1	1	0	1	13
chr2	97284786	97284877	1	1	1	0	9	45
chr2	97285008	97285302	1	1	1	0	1	32
chr2	97285008	97291539	1	1	1	0	6	39
chr2	97285524	97291539	1	1	1	0	6	29
chr2	97416406	97422438	2	2	1	0	6	29
chr2	97416406	97422954	2	2	1	0	6	39
chr2	97422660	97422954	2	2	1	0	1	32
chr2	97423085	97423176	2	2	1	0	9	45
chr2	97423262	97423797	2	4	1	0	1	29
chr2	97423262	97423801	2	4	1	0	4	43
chr2	97423273	97423795	2	2	1	0	1	13
chr2	97423273	97423797	2	4	1	0	1	15
chr2	97423273	97423801	2	4	1	0	2	3
chr2	97423273	97424294	2	2	1	0	2	3
chr2	97423273	97426842	2	2	1	0	2	3
chr2	97492856	97509580	2	2	0	0	1	37
chr2	97507066	97507563	2	2	1	0	2	30
chr2	97507658	97507994	2	2	1	0	9	43
chr2	97507658	97509580	2	2	1	0	1	24
chr2	97508066	97509580	2	2	1	0	6	37
chr2	97509734	97511137	2	2	1	0	9	34
chr2	97511348	97511568	2	2	0	0	1	45
chr2	97512053	97513179	2	2	1	0	4	33
chr2	97513364	97513441	2	2	0	0	1	22
chr2	97513364	97515731	2	2	1	0	12	15
chr2	97515946	97522000	2	2	0	0	1	46
chr2	97515946	97523325	2	2	1	0	71	44
chr2	97515946	97532310	2	2	0	0	1	40
chr2	97522073	97523325	2	2	0	0	2	37
chr2	97523468	97532310	2	2	1	0	41	46
chr2	97532382	97536299	2	2	0	0	3	45
chr2	97532385	97535939	2	2	0	0	1	41
chr2	97532385	97536299	2	2	1	0	17	44
chr2	97536373	97536467	2	2	1	0	1	10
chr2	97536497	97538167	2	2	1	0	9	12
chr2	97538241	97538334	2	2	1	0	33	30
chr2	97538364	97540033	2	2	1	0	13	29
chr2	97540470	97541910	2	2	0	0	1	37
chr2	97541984	97542078	2	2	1	0	10	30
chr2	97542108	97543789	2	2	1	0	15	29
chr2	97543863	97543956	2	2	1	0	4	29
chr2	97543986	97545665	2	2	1	0	2	29
chr2	97549615	97551288	2	2	1	0	1	30
chr2	97551481	97553167	2	2	1	0	1	6
chr2	97553241	97553342	2	2	1	0	1	15
chr2	97555255	97556936	2	2	1	0	1	21
chr2	97557010	97557103	2	2	1	0	1	38
chr2	97557133	97558798	2	2	1	0	1	5
chr2	97558872	97558965	2	2	1	0	2	29
chr2	97558995	97560664	2	2	1	0	1	29
chr2	97560738	97560831	2	2	1	0	1	29
chr2	97560861	97578905	2	2	1	0	1	9
chr2	97580569	97584943	2	2	1	0	9	39
chr2	97585118	97585283	2	2	1	0	16	44
chr2	97585399	97589524	2	2	1	0	2	11
chr2	101218443	101535950	2	2	0	0	4	25
chr2	105360634	105372502	1	3	0	0	1	13
chr2	106192340	106327606	1	1	0	0	4	39
chr2	109903413	109914410	1	1	1	0	1	34
chr2	109914478	109915951	1	1	1	0	2	41
chr2	109916073	109916506	1	1	1	0	1	36
chr2	109916657	109919492	1	1	1	0	1	46
chr2	109916657	109920253	1	1	0	0	1	40
chr2	109919644	109920253	1	1	1	0	4	22
chr2	109920347	109921639	1	1	1	0	6	23
chr2	109921689	109924347	1	1	1	0	20	44
chr2	109995715	109995754	1	1	0	0	2	23
chr2	109995715	109995794	1	1	0	0	1	23
chr2	109995755	109996114	1	1	0	0	2	40
chr2	109995795	109996114	1	1	0	0	2	40
chr2	109995955	109996114	1	1	0	0	2	40
chr2	109996075	109996114	1	1	0	0	2	40
chr2	110156482	110160126	2	2	1	0	1	5
chr2	110375276	110375475	2	2	0	0	2	40
chr2	110375276	110375555	2	2	0	0	2	40
chr2	110375276	110375595	2	2	0	0	2	40
chr2	110375276	110375635	2	2	0	0	2	40
chr2	110375676	110375715	2	2	0	0	2	31
chr2	110375676	110375755	2	2	0	0	1	23
chr2	110379311	110382703	2	2	1	0	1	12
chr2	110447161	110449818	2	2	1	0	21	44
chr2	110449868	110451160	2	2	1	0	6	23
chr2	110451254	110451863	2	2	1	0	4	22
chr2	110451254	110454850	2	2	0	0	1	40
chr2	110452015	110454850	2	2	1	0	1	46
chr2	110455001	110455434	2	2	1	0	1	36
chr2	110455556	110457029	2	2	1	0	2	41
chr2	110457097	110468094	2	2	1	0	1	34
chr2	129970916	130032583	1	1	0	0	2	14
chr2	130737168	130754431	2	2	0	0	1	22
chr2	135109815	135127107	2	2	0	0	1	34
chr2	174640666	174819717	1	1	0	0	3	14
chr2	179200754	179216964	2	2	0	0	1	35
chr2	207699851	207710048	1	1	0	0	2	34
chr2	208224220	208374590	2	2	0	0	4	40
chr2	219193802	219223320	2	2	0	0	1	39
chr2	231179605	231194004	1	1	0	0	1	32
chr2	231591855	231596133	2	2	0	0	1	33
chr2	232644558	232650339	1	3	0	0	1	27
chr2	234146196	234327306	1	1	0	0	3	45
chr3	11746086	11760951	1	1	0	0	1	39
chr3	11823488	11824057	2	2	0	0	1	33
chr3	12624859	12672697	2	4	0	0	1	27
chr3	17554895	17602617	1	3	0	0	1	27
chr3	19503713	19585081	1	1	0	0	2	33
chr3	32458938	32518808	2	2	0	0	2	24
chr3	32719185	32754035	1	1	0	0	2	16
chr3	32765178	32768005	1	1	0	0	1	44
chr3	33717674	33816246	2	4	0	0	3	30
chr3	47399864	47444816	1	3	0	0	1	28
chr3	47672442	47677336	1	1	0	0	1	43
chr3	47675733	47755777	1	1	0	0	2	40
chr3	47712168	47759872	1	1	0	0	11	33
chr3	48713764	48721167	2	4	0	0	1	27
chr3	49019307	49019710	1	1	0	0	3	43
chr3	49090318	49127553	1	3	0	0	1	41
chr3	49378439	49450045	1	1	0	0	2	37
chr3	49921341	49938204	1	1	0	0	1	37
chr3	50002628	50049342	2	2	0	0	1	39
chr3	50080924	50087931	2	2	0	0	1	46
chr3	51021855	51039187	1	1	0	0	1	32
chr3	56768270	56807095	1	1	0	0	1	21
chr3	57092519	57111891	1	1	0	0	1	37
chr3	57991270	58018416	2	2	0	0	1	28
chr3	73300545	73340926	1	3	0	0	1	26
chr3	78740554	78776333	2	2	0	0	1	21
chr3	90157296	90170673	1	1	0	0	1	25
chr3	113089123	113089349	2	4	0	0	1	37
chr3	138553265	138599855	1	1	0	0	1	46
chr3	155855218	155858761	2	2	0	0	1	24
chr3	156883112	156972452	2	2	0	0	2	43
chr3	183521782	183522298	2	4	1	0	2	25
chr3	184526949	184545529	2	2	0	0	1	45
chr3	195661842	195662570	1	1	1	0	1	38
chr3	195662734	195664085	1	1	1	0	1	14
chr3	195664251	195666065	1	1	1	0	7	42
chr3	195666215	195668518	1	1	1	0	1	3
chr3	195668642	195671131	1	1	1	0	1	8
chr3	195671301	195672483	1	1	1	0	3	45
chr3	195672680	195673817	1	1	1	0	3	29
chr3	195673988	195676421	1	1	1	0	2	11
chr3	195673988	195677726	1	1	1	0	1	21
chr3	195677849	195680794	1	1	1	0	2	11
chr3	195681242	195685817	1	1	0	0	2	29
chr3	195681302	195681535	1	1	1	0	10	41
chr3	195681667	195683751	1	1	1	0	3	42
chr3	195683866	195685817	1	1	1	0	8	45
chr3	195683866	195685908	1	1	0	0	1	34
chr3	195689439	195724679	1	1	0	0	1	35
chr3	195960087	195964904	2	2	0	0	1	34
chr3	195963422	195965428	2	2	1	0	6	45
chr3	195963422	195967938	2	2	0	0	2	29
chr3	195965543	195967513	2	2	1	0	6	41
chr3	195967645	195967878	2	2	1	0	10	41
chr3	195968386	195971322	2	2	1	0	2	11
chr3	195971445	195974396	2	2	1	0	1	21
chr3	195972748	195974396	2	2	1	0	2	11
chr3	195974567	195975704	2	2	1	0	3	29
chr3	195975901	195977082	2	2	1	0	3	45
chr3	195977252	195979743	2	2	1	0	1	8
chr3	195979867	195982161	2	2	1	0	1	3
chr3	195982311	195984111	2	2	1	0	1	42
chr3	195984277	195985626	2	2	1	0	1	14
chr3	195985790	195986518	2	2	1	0	1	38
chr4	59557	60057	1	1	1	0	1	47
chr4	437553	472574	2	2	0	0	1	40
chr4	472702	473980	2	2	1	0	3	37
chr4	472702	497126	2	2	0	0	1	42
chr4	1635926	1646182	2	2	0	0	1	45
chr4	1876001	1876922	1	1	0	0	1	39
chr4	2021120	2034205	1	3	0	0	1	39
chr4	7796983	7827493	2	2	0	0	1	44
chr4	35681301	35696693	1	3	0	0	1	41
chr4	39803511	39840016	2	2	0	0	1	18
chr4	49254661	49255144	1	1	1	0	1	31
chr4	49540194	49540677	2	2	1	0	1	31
chr4	53237360	53255732	2	2	0	0	1	43
chr4	55504070	55526733	1	1	0	0	1	32
chr4	56847830	56890126	2	2	0	0	1	40
chr4	56876513	56917820	1	1	0	0	1	30
chr4	56960282	56963086	1	1	0	0	1	33
chr4	57261504	57295641	2	2	0	0	1	45
chr4	58577574	58580909	1	1	0	0	2	29
chr4	63756637	63774762	2	2	0	0	1	25
chr4	75972919	75974606	1	3	0	0	1	32
chr4	86320605	86408848	1	1	0	0	2	37
chr4	86915723	86923698	1	1	0	0	2	45
chr4	94523876	94549793	1	1	1	0	1	18
chr4	128049592	128096812	1	1	0	0	1	28
chr4	128631700	128677371	2	2	0	0	2	43
chr4	139087698	139236783	2	2	0	0	3	45
chr4	165081755	165095856	2	2	0	0	1	33
chr4	183414520	183488190	2	2	0	0	2	44
chr4	183414520	183490939	2	2	0	0	2	44
chr4	183420210	183488190	2	2	0	0	4	44
chr4	183420210	183490939	2	2	0	0	4	44
chr4	183624235	183630925	1	1	0	0	1	35
chr4	185224324	185234654	2	4	0	0	1	27
chr4	188103233	188149151	2	2	0	0	1	46
chr4	188106284	188149151	2	2	0	0	1	46
chr4	188500783	188542702	2	2	0	0	2	46
chr5	7107495	7176480	1	1	0	0	2	41
chr5	7193885	7230853	2	2	0	0	1	39
chr5	16711569	16723169	1	1	0	0	19	46
chr5	17235495	17250836	2	2	0	0	2	46
chr5	37322643	37331084	1	1	0	0	1	44
chr5	41210199	41225933	2	2	0	0	5	43
chr5	57145804	57182128	1	3	0	0	2	27
chr5	67786113	67823905	2	2	0	0	1	30
chr5	69873698	69875163	1	1	1	0	3	4
chr5	69898495	70774380	0	0	0	0	5	44
chr5	69916256	69920731	1	1	1	0	1	27
chr5	69920866	69975737	1	1	1	0	1	5
chr5	69921245	69961394	1	1	1	0	1	7
chr5	69965937	69975737	1	1	1	0	1	37
chr5	69975853	69978463	1	1	1	0	14	31
chr5	69978119	69978463	1	1	1	0	6	46
chr5	69979058	69985379	1	1	1	0	1	17
chr5	69979058	69990036	1	1	1	0	2	16
chr5	70132796	70139126	2	2	1	0	1	17
chr5	70139721	70140065	2	2	1	0	6	46
chr5	70139721	70142330	2	2	1	0	14	31
chr5	70142446	70197256	2	2	1	0	1	5
chr5	70156781	70196877	2	2	1	0	1	7
chr5	70197391	70201867	2	2	1	0	2	20
chr5	70197391	70219917	2	2	1	0	5	45
chr5	70214375	70487034	2	2	0	0	4	29
chr5	70232425	70487034	2	2	0	0	4	29
chr5	70259038	70260503	2	2	1	0	3	4
chr5	70401669	70406841	1	1	1	0	1	12
chr5	70406916	70420248	1	1	1	0	1	8
chr5	70415551	70445482	1	1	0	0	1	16
chr5	70420338	70421279	1	1	1	0	11	37
chr5	70421346	70447383	0	0	0	0	3	36
chr5	70422200	70422872	1	1	1	0	2	26
chr5	70422924	70423298	1	1	1	0	1	24
chr5	70423354	70427584	1	1	1	0	2	7
chr5	70427691	70433869	1	1	1	0	1	7
chr5	70433961	70434178	1	1	1	0	2	7
chr5	70440860	70441415	1	1	1	0	5	13
chr5	70441519	70444090	1	1	0	0	1	20
chr5	70441519	70445482	1	1	1	0	102	40
chr5	70441519	70447233	1	1	1	0	4	25
chr5	70444115	70445482	1	1	0	0	1	24
chr5	70445523	70447233	1	1	1	0	77	42
chr5	70446724	70447233	1	1	0	0	1	18
chr5	70481539	70495023	2	2	1	0	2	35
chr5	70481539	70516307	2	2	1	0	2	35
chr5	70516483	70518320	2	2	1	0	2	16
chr5	70555374	70556839	2	2	1	0	3	4
chr5	70789293	70791131	1	1	1	0	2	16
chr5	70796294	70836465	1	1	1	0	1	7
chr5	70841008	70850809	1	1	1	0	1	37
chr5	70850925	70852087	1	1	1	0	1	12
chr5	70850925	70853535	1	1	1	0	13	31
chr5	70853191	70853535	1	1	1	0	6	46
chr5	71035644	71061696	0	0	0	0	3	39
chr5	71035685	71059689	2	2	1	0	4	43
chr5	71035797	71037506	2	2	1	0	81	42
chr5	71037547	71038428	2	2	0	0	20	28
chr5	71037547	71038918	2	2	0	0	1	24
chr5	71037547	71041521	2	2	1	0	100	40
chr5	71037547	71067493	2	2	0	0	1	16
chr5	71038482	71041521	2	2	0	0	21	25
chr5	71038943	71041521	2	2	0	0	1	20
chr5	71041625	71042180	2	2	1	0	5	13
chr5	71048850	71049067	2	2	1	0	2	7
chr5	71049159	71055351	2	2	1	0	1	7
chr5	71055458	71059689	2	2	1	0	2	13
chr5	71059745	71060119	2	2	1	0	6	30
chr5	71060171	71060843	2	2	1	0	2	26
chr5	71061766	71062707	2	2	1	0	11	37
chr5	71101664	71122292	2	2	0	0	1	17
chr5	71140035	71140379	2	2	1	0	6	46
chr5	71140035	71142644	2	2	1	0	13	31
chr5	71197782	71202252	2	2	1	0	1	17
chr5	71216752	71234776	0	0	0	0	5	38
chr5	103003150	103005153	1	1	1	0	1	34
chr5	110988474	111032575	2	2	0	0	1	36
chr5	126956575	126971378	1	1	0	0	3	40
chr5	130789614	130929642	2	2	0	0	4	22
chr5	131116916	131132980	1	1	0	0	1	19
chr5	134321904	134330589	2	2	0	0	1	37
chr5	134616219	134627921	2	2	0	0	1	36
chr5	134768988	134853094	1	1	0	0	2	38
chr5	138387956	138412210	2	2	0	0	2	27
chr5	144885298	144933306	2	2	0	0	1	31
chr5	144891881	144933306	2	2	0	0	1	31
chr5	154700939	154715152	2	4	0	0	1	24
chr5	154735286	154764139	2	4	0	0	1	37
chr5	154775198	154778157	1	3	0	0	1	14
chr5	160995755	161024329	2	4	0	0	1	30
chr5	162938052	162972454	1	1	0	0	1	30
chr5	172941992	172975025	1	1	0	0	1	46
chr5	173166916	173176667	2	2	0	0	1	46
chr5	176399851	176402270	2	4	0	0	1	27
chr5	177954592	177963613	2	2	0	0	56	46
chr5	179488133	179503216	1	3	0	0	1	36
chr5	181262374	181442831	0	0	0	0	24	47
chr6	3000086	3003668	1	1	1	1	0	16
chr6	3002287	3003668	1	1	1	0	1	43
chr6	5236462	5260647	2	2	0	0	2	38
chr6	7964989	8022816	2	2	0	0	2	33
chr6	12107963	12108122	1	1	0	0	1	33
chr6	13281554	13294795	2	2	1	0	1	4
chr6	13889982	13901202	2	2	0	0	1	31
chr6	26040391	26051091	1	1	0	0	1	46
chr6	26197267	26198858	2	4	1	1	0	18
chr6	26534264	26559527	1	1	0	0	2	39
chr6	33470654	33496005	2	2	0	0	5	46
chr6	33470654	33561496	2	2	0	0	3	43
chr6	34381860	34444975	1	1	0	0	4	39
chr6	34417548	34418368	2	2	1	0	1	5
chr6	34418425	34421729	2	2	1	0	4	31
chr6	34421808	34424668	2	2	1	0	7	31
chr6	34424841	34425071	2	2	1	0	25	40
chr6	34425222	34426031	2	2	1	0	19	33
chr6	34603420	34609943	1	1	0	0	1	39
chr6	34941034	34983836	1	3	0	0	1	27
chr6	38541524	38545564	1	1	0	0	2	46
chr6	42035600	42081601	2	2	0	0	3	46
chr6	42506033	42551981	2	2	0	0	2	46
chr6	42887352	42889209	1	1	0	0	1	20
chr6	42887390	42910289	2	4	0	0	2	39
chr6	42921649	42999791	2	2	0	0	2	25
chr6	43000167	43092093	2	2	0	0	5	46
chr6	43323227	43364162	2	2	0	0	1	12
chr6	43331024	43419118	2	2	0	0	3	41
chr6	43538964	43539038	1	1	0	0	2	27
chr6	54793561	54834857	2	2	0	0	1	41
chr6	61672208	61720139	1	1	0	0	1	42
chr6	63533155	63557338	1	1	0	0	2	27
chr6	63533155	63591036	1	1	0	0	2	27
chr6	66603569	66610772	1	1	0	0	1	30
chr6	73710399	73921962	2	2	0	0	4	45
chr6	76964771	77053807	1	1	0	0	2	33
chr6	77044891	77053807	1	1	0	0	2	33
chr6	87658332	87693103	2	2	0	0	1	27
chr6	89085946	89086324	2	2	0	0	1	32
chr6	117187168	117250123	1	1	0	0	2	44
chr6	120725263	120806061	1	1	0	0	2	46
chr6	121953834	121980750	2	2	0	0	1	46
chr6	149627200	149659274	2	2	0	0	1	31
chr6	149946654	149947319	1	1	1	0	15	34
chr6	149947452	149948722	1	1	1	0	3	13
chr6	150020240	150020904	2	2	1	0	15	34
chr6	151467020	151539030	1	1	0	0	2	29
chr6	158063636	158082463	1	1	0	0	1	23
chr7	314652	386233	2	2	0	0	2	38
chr7	2282895	2302015	1	1	0	0	2	27
chr7	4637991	4640989	2	2	0	0	1	30
chr7	5239873	5279605	2	4	0	0	1	27
chr7	5553276	5566688	2	2	0	0	1	46
chr7	19460795	19637079	0	0	0	0	3	37
chr7	23282888	23443883	2	4	0	0	3	45
chr7	23515431	23516256	1	1	0	0	1	45
chr7	32924592	32930077	2	2	0	0	1	15
chr7	32930109	32933813	2	2	1	0	1	31
chr7	44577585	44597362	2	4	0	0	1	27
chr7	44582949	44583386	1	1	1	0	1	9
chr7	47522851	47618437	2	2	0	0	2	39
chr7	55829964	55850857	1	1	0	0	1	46
chr7	56011234	56011543	2	2	1	0	2	19
chr7	56011870	56015022	2	2	1	0	4	44
chr7	56017380	56019599	2	2	1	0	1	26
chr7	56863032	56906579	1	1	0	0	2	46
chr7	62553989	62617145	2	2	0	0	3	17
chr7	63635097	63788789	2	2	0	0	3	46
chr7	64687217	64805015	1	1	0	0	3	33
chr7	65932976	65957729	1	3	0	0	1	23
chr7	66215607	66248745	2	2	0	0	1	46
chr7	66229343	66248745	2	2	0	0	1	46
chr7	66484956	66517077	2	2	0	0	1	26
chr7	68629891	68647396	1	3	0	0	1	28
chr7	69517717	69529514	1	1	0	0	1	40
chr7	70833468	70853335	2	4	0	0	1	47
chr7	71822344	71853674	1	1	0	0	1	45
chr7	73586415	73630325	2	2	0	0	2	15
chr7	73759198	73773393	1	1	0	0	4	44
chr7	74231800	74239451	2	4	0	0	1	13
chr7	74348575	74410015	1	1	0	0	2	41
chr7	74576703	74610168	2	2	0	0	1	36
chr7	74588190	74610168	2	2	0	0	1	36
chr7	74650797	74651192	1	1	1	0	1	32
chr7	74700431	74700605	1	1	1	0	2	9
chr7	74705219	74706389	1	1	1	0	1	14
chr7	74728897	74730228	1	1	1	0	1	24
chr7	74732663	74733922	1	1	1	0	1	27
chr7	74733982	74735460	1	1	1	0	2	8
chr7	74735533	74736499	1	1	1	0	1	18
chr7	74736684	74738044	1	1	1	0	1	40
chr7	74738104	74743448	1	1	1	0	2	36
chr7	74742724	74785818	1	1	0	0	1	47
chr7	74744942	74745882	1	1	1	0	1	31
chr7	74745942	74746336	1	1	1	0	1	34
chr7	74746412	74748014	1	1	1	0	4	46
chr7	74748117	74749024	1	1	1	0	4	45
chr7	74749091	74749267	1	1	1	0	3	28
chr7	74751417	74752089	1	1	1	0	1	11
chr7	74752171	74753093	1	1	1	0	12	46
chr7	74753178	74753845	1	1	1	0	6	46
chr7	74754030	74755508	1	1	1	0	20	29
chr7	74755538	74756819	1	1	1	0	20	29
chr7	74756862	74757958	1	1	1	0	17	37
chr7	74758001	74758779	1	1	1	0	16	43
chr7	74758856	74759547	1	1	1	0	30	46
chr7	74759604	74759811	1	1	0	0	3	30
chr7	74759904	74760441	2	2	0	0	1	31
chr7	74843833	74849111	2	2	1	0	1	39
chr7	74879744	74918530	2	2	0	0	2	30
chr7	74884224	74884433	2	2	1	0	1	13
chr7	74884525	74887682	2	2	1	0	3	8
chr7	74885147	74887682	2	2	1	0	1	19
chr7	74887800	74888311	2	2	1	0	2	39
chr7	74891010	74894122	1	1	1	0	1	3
chr7	74894258	74896145	1	1	1	0	11	37
chr7	74896233	74896398	1	1	1	0	1	38
chr7	74896233	74897651	1	1	1	0	4	7
chr7	74896512	74897651	1	1	1	0	2	14
chr7	74896512	74905577	1	1	1	0	1	33
chr7	74897836	74900886	1	1	1	0	6	31
chr7	74900976	74905577	1	1	1	0	4	44
chr7	75084813	75106171	1	3	0	0	1	45
chr7	75185634	75186171	1	1	0	0	1	31
chr7	75186264	75186471	2	2	0	0	3	30
chr7	75186528	75187219	2	2	1	0	30	46
chr7	75187296	75188074	2	2	1	0	16	43
chr7	75188117	75189214	2	2	1	0	17	37
chr7	75189257	75190538	2	2	1	0	20	29
chr7	75190568	75192046	2	2	1	0	20	29
chr7	75192231	75192898	2	2	1	0	3	41
chr7	75192981	75193902	2	2	1	0	10	43
chr7	75193984	75194656	2	2	1	0	1	11
chr7	75196797	75196973	2	2	1	0	3	28
chr7	75197040	75197947	2	2	1	0	4	45
chr7	75198050	75199650	2	2	1	0	4	46
chr7	75199726	75200120	2	2	1	0	1	34
chr7	75200180	75201120	2	2	1	0	1	31
chr7	75202614	75207955	2	2	1	0	2	36
chr7	75208015	75209375	2	2	1	0	1	40
chr7	75209560	75210527	2	2	1	0	1	18
chr7	75210600	75212078	2	2	1	0	2	8
chr7	75212138	75213405	2	2	1	0	4	27
chr7	75215822	75217153	2	2	1	0	1	24
chr7	75288818	75503639	1	1	0	0	4	42
chr7	75296127	75297394	2	2	1	0	1	46
chr7	75297761	75299653	2	2	1	0	7	37
chr7	75302367	75306847	2	2	0	0	1	46
chr7	75302367	75334814	2	2	0	0	1	46
chr7	75316142	75320729	2	2	1	0	4	44
chr7	75316746	75503639	1	1	0	0	4	42
chr7	75320819	75323868	2	2	1	0	6	31
chr7	75324055	75325363	2	2	1	0	1	46
chr7	75324055	75325642	2	2	1	0	6	14
chr7	75325477	75325642	2	2	1	0	1	38
chr7	75325730	75327623	2	2	1	0	7	37
chr7	75330340	75334814	2	2	0	0	1	46
chr7	75344109	75348696	2	2	1	0	4	44
chr7	75344713	75503639	1	1	0	0	4	42
chr7	75348786	75351835	2	2	1	0	6	31
chr7	75352022	75353289	2	2	1	0	1	46
chr7	75352022	75353568	2	2	1	0	6	14
chr7	75353403	75353568	2	2	1	0	1	38
chr7	75355684	75358781	2	2	1	0	1	3
chr7	75360484	75402622	2	2	0	0	1	31
chr7	75361460	75361971	1	1	1	0	2	39
chr7	75362089	75364632	1	1	1	0	1	19
chr7	75362089	75365254	1	1	1	0	1	8
chr7	75370475	75378668	1	3	0	0	2	25
chr7	75507868	75510930	2	2	1	0	1	45
chr7	75512676	75514644	2	2	1	0	4	37
chr7	75745151	75758995	1	3	0	0	2	18
chr7	76434156	76440249	1	1	1	0	10	46
chr7	76434156	76441841	1	1	1	0	1	33
chr7	76440342	76440474	1	1	1	0	13	44
chr7	76440612	76441841	1	1	1	0	22	46
chr7	76610216	76611453	2	2	1	0	14	19
chr7	76610216	76618182	2	2	1	0	1	33
chr7	76611592	76611721	2	2	1	0	17	44
chr7	76611814	76618182	2	2	1	0	10	46
chr7	76618301	76625521	2	2	1	0	1	44
chr7	76623568	76624901	1	1	0	0	1	43
chr7	91589248	91595743	2	2	0	0	2	41
chr7	93019795	93067768	1	1	0	0	1	39
chr7	99436551	99444392	1	1	0	0	1	33
chr7	99504205	99526785	2	2	0	0	2	41
chr7	100183102	100229777	2	2	0	0	1	40
chr7	101075440	101121100	1	1	0	0	1	39
chr7	101483789	101517927	2	2	0	1	0	23
chr7	102269655	102318369	2	2	0	0	1	39
chr7	102339116	102342181	1	1	1	0	5	40
chr7	102342269	102347064	1	1	1	0	1	10
chr7	102342687	102347064	1	1	1	0	2	12
chr7	102343356	102343701	1	3	0	0	1	41
chr7	102492929	102499896	1	1	0	0	1	21
chr7	102541663	102566996	2	2	1	0	1	14
chr7	102550572	102554094	2	2	0	0	1	24
chr7	102562213	102566996	2	2	1	0	1	10
chr7	102565566	102565911	2	4	0	0	1	41
chr7	102565866	102658322	1	3	0	0	2	36
chr7	102566737	102566996	2	2	1	0	1	34
chr7	102567044	102568009	2	2	0	0	1	42
chr7	102567084	102568009	2	2	1	0	5	42
chr7	102567084	102569834	2	2	1	0	3	30
chr7	102592135	102600996	2	4	0	0	2	21
chr7	102640774	102666076	2	2	1	0	1	14
chr7	102649665	102653186	2	2	0	0	1	24
chr7	102664650	102664995	2	4	0	0	1	41
chr7	102666124	102667089	2	2	0	0	1	42
chr7	102666164	102667089	2	2	1	0	5	42
chr7	130084585	130085139	2	4	0	0	1	46
chr7	135466451	135739584	2	4	0	0	4	26
chr7	135702421	135733391	1	3	0	0	1	28
chr7	138298284	138376088	2	2	0	0	2	15
chr7	138336899	138466085	2	2	0	0	3	28
chr7	138421079	138466085	2	2	0	0	5	33
chr7	140371221	140387604	1	1	0	0	1	25
chr7	140492663	140583076	1	1	0	0	3	46
chr7	143603112	143604584	1	1	1	0	2	41
chr7	143604862	143607792	1	1	1	0	1	29
chr7	143608413	143608563	1	1	0	0	2	44
chr7	143854143	143857073	2	2	1	0	1	29
chr7	143857351	143858823	2	2	1	0	2	41
chr7	144912921	145011332	1	1	0	0	3	46
chr7	149194439	149275549	2	2	0	0	2	19
chr7	149250549	149250680	1	1	1	0	1	5
chr7	149492973	149493988	2	2	1	0	2	11
chr7	149494116	149494203	2	2	1	0	3	7
chr7	149621173	149621259	2	2	1	0	1	9
chr7	151360915	151361058	1	1	1	0	1	22
chr7	151493090	151521743	2	4	0	0	1	46
chr7	152458579	152462929	2	2	0	0	1	45
chr7	152499566	152533171	2	2	0	0	2	34
chr7	157130066	157297022	2	2	0	0	12	41
chr8	7259622	7297731	2	2	0	0	1	42
chr8	7282488	7297731	2	2	0	0	1	42
chr8	7290110	7297731	2	2	0	0	1	42
chr8	7611691	7613200	1	1	1	0	1	9
chr8	8747240	8829467	1	1	0	0	2	41
chr8	23259251	23309066	2	2	0	0	1	28
chr8	37884794	37910470	2	2	0	0	1	34
chr8	42630809	42661365	1	3	0	0	1	28
chr8	63209099	63228970	2	2	0	0	2	39
chr8	73655884	73716325	1	1	0	0	2	44
chr8	73973666	73993678	1	1	0	0	1	43
chr8	77024184	77105160	2	2	0	0	2	14
chr8	82291557	82292205	0	0	0	0	4	33
chr8	84972451	85003612	1	1	0	0	2	36
chr8	94463051	94479283	2	2	0	0	1	23
chr8	94610649	94615553	2	4	0	0	1	27
chr8	97989255	97998305	1	1	0	0	137	46
chr8	99582888	99654280	2	2	0	0	3	46
chr8	102240925	102413894	2	2	0	0	6	43
chr8	113270867	113296188	2	2	0	0	1	28
chr8	123043072	123056321	1	1	0	0	1	31
chr8	128715148	128760765	2	2	0	0	1	42
chr9	6856990	6865985	2	2	0	0	2	39
chr9	15470924	15472685	0	0	0	0	3	35
chr9	15472751	15474008	2	2	1	0	4	43
chr9	15474238	15478476	2	2	1	0	47	41
chr9	15478553	15479590	2	2	1	0	30	42
chr9	15478553	15486005	2	2	0	0	1	46
chr9	15479688	15486005	2	2	1	0	28	45
chr9	15486069	15486826	2	2	1	0	3	44
chr9	15490125	15506560	2	2	1	0	2	32
chr9	15506634	15510116	2	2	0	0	1	33
chr9	15506638	15510116	2	2	1	0	9	32
chr9	17722580	17728530	1	1	0	0	1	27
chr9	34078291	34092469	2	2	0	0	1	20
chr9	34097307	34181159	1	3	0	0	4	27
chr9	34163246	34199305	2	2	0	0	3	26
chr9	36262714	36298231	2	2	0	0	1	15
chr9	36270750	36523206	2	2	0	0	5	46
chr9	36391846	36582200	2	2	0	0	5	46
chr9	36391846	36650175	2	2	0	0	5	46
chr9	36465836	36515735	1	1	0	0	1	39
chr9	36465836	36643719	1	1	0	0	5	46
chr9	37396530	37555475	1	1	0	0	5	47
chr9	38906741	38949513	1	3	0	0	1	43
chr9	42273129	42313741	1	1	0	0	1	45
chr9	42625534	42626620	1	1	1	0	2	39
chr9	42627225	42627521	1	1	0	0	2	26
chr9	42666795	42667091	2	2	0	0	2	26
chr9	42667696	42668782	2	2	1	0	2	39
chr9	60837227	60908608	1	3	0	0	4	41
chr9	61616008	61620249	1	1	1	0	1	13
chr9	61620402	61626669	1	1	1	0	1	43
chr9	61899819	61906403	2	2	1	0	1	43
chr9	61906556	61910860	2	2	1	0	1	13
chr9	62432980	62434066	1	1	1	0	2	39
chr9	62434671	62434967	1	1	0	0	2	26
chr9	62474242	62474538	2	2	0	0	2	26
chr9	62475143	62476229	2	2	1	0	2	39
chr9	62869301	62897418	2	2	1	0	3	44
chr9	62869305	62897418	2	2	1	0	10	36
chr9	62869305	62897528	2	2	1	0	2	37
chr9	63056104	63056349	1	1	1	0	1	31
chr9	63056409	63057514	1	1	1	0	10	41
chr9	63056523	63057514	1	1	0	0	1	21
chr9	63058700	63059041	1	1	1	0	1	3
chr9	63059218	63151190	1	1	1	0	3	38
chr9	63309313	63372802	2	2	1	0	3	38
chr9	63372979	63373320	2	2	1	0	5	36
chr9	63373469	63374382	2	2	1	0	1	38
chr9	63374506	63375498	2	2	0	0	1	21
chr9	63374506	63375612	2	2	1	0	10	41
chr9	63376099	63378545	2	2	1	0	1	17
chr9	63706478	63706686	1	1	0	0	1	20
chr9	63706478	63707307	1	1	0	0	1	20
chr9	65288533	65289657	2	2	1	0	6	21
chr9	65289724	65289826	2	2	1	0	5	42
chr9	65289896	65301424	2	2	1	0	2	8
chr9	65301477	65312570	2	2	1	0	2	34
chr9	65317655	65318515	2	2	0	0	1	41
chr9	65703015	65703879	1	1	0	0	1	41
chr9	65708959	65720040	1	1	1	0	2	34
chr9	65720093	65731629	1	1	1	0	2	8
chr9	65731699	65731801	1	1	1	0	5	42
chr9	65731868	65732992	1	1	1	0	6	21
chr9	67538558	67554940	2	2	0	0	2	39
chr9	67775492	67798800	2	2	0	0	1	16
chr9	72003877	72009348	1	1	0	0	3	39
chr9	74124110	74129616	1	1	0	0	1	37
chr9	85883216	85888664	1	1	1	0	1	30
chr9	91878863	91924578	1	1	0	0	1	33
chr9	92174980	92222104	1	1	0	0	1	46
chr9	94306158	94309982	2	4	0	0	1	24
chr9	95388614	95397202	2	2	0	0	2	40
chr9	96415186	96416217	1	1	0	0	1	15
chr9	96415186	96442890	1	1	0	0	1	25
chr9	107499331	107537318	2	2	0	0	3	33
chr9	120802887	120823253	1	3	0	0	1	27
chr9	125129546	125129980	2	2	0	0	1	42
chr9	125152766	125228898	1	1	0	0	2	46
chr9	125393771	125417819	1	1	0	0	1	36
chr9	125577479	125623848	1	1	0	0	1	46
chr9	125577479	125624074	1	1	0	0	1	46
chr9	125577479	125624250	1	1	0	0	1	46
chr9	125577479	125624658	1	1	0	0	1	46
chr9	127591026	127593028	1	3	0	0	1	28
chr9	128290962	128291704	2	4	0	0	1	35
chr9	128709071	128740364	1	1	0	0	1	45
chr9	129783332	129797376	2	4	0	0	1	27
chr9	129796088	129802597	1	3	0	0	1	27
chr9	130130657	130244318	1	1	0	0	4	32
chr9	134082404	134164192	1	1	0	0	2	46
chr9	137525519	137540641	2	2	0	0	1	30
chr10	4968945	4972200	1	1	1	0	4	40
chr10	4972750	4975850	1	1	1	0	6	34
chr10	4975934	4977699	1	1	1	0	3	30
chr10	4990039	4991830	2	2	1	0	3	30
chr10	4991914	4995318	2	2	1	0	6	34
chr10	4995866	4998624	2	2	1	0	4	40
chr10	9478092	9556696	2	2	0	0	2	46
chr10	12200715	12206740	2	2	0	0	1	43
chr10	12291537	12328754	2	2	0	0	3	31
chr10	12320760	12323552	2	2	0	0	2	38
chr10	13669293	13676505	2	2	0	0	1	39
chr10	26827454	26882603	2	2	0	0	3	46
chr10	26972110	27042627	2	2	0	0	8	37
chr10	27288825	27344505	1	1	0	0	2	38
chr10	32175159	32364230	1	1	0	0	3	29
chr10	32759050	32916647	2	2	0	0	3	28
chr10	32860867	32916647	2	2	0	0	3	28
chr10	39479795	39513501	1	1	0	0	2	44
chr10	42440307	42449509	2	2	0	0	1	27
chr10	45679041	45679409	1	1	1	0	1	24
chr10	45679479	45681771	1	1	1	0	5	28
chr10	45681841	45684485	1	1	1	0	24	39
chr10	45684521	45692058	1	1	1	0	2	35
chr10	45692159	45694747	1	1	1	0	1	10
chr10	45694784	45698064	1	1	1	0	4	36
chr10	45695599	45697380	1	1	0	0	1	39
chr10	45695902	45736529	1	1	0	0	1	21
chr10	45696547	45697182	1	3	0	0	1	41
chr10	45698117	45698755	1	1	1	0	1	34
chr10	45699177	45699256	2	2	0	0	1	45
chr10	45827391	45828028	2	2	1	0	1	34
chr10	45828081	45831393	2	2	1	0	4	36
chr10	45828977	45829615	2	4	0	0	1	41
chr10	45831430	45834015	2	2	1	0	1	10
chr10	45834117	45841652	2	2	1	0	2	35
chr10	45841688	45844325	2	2	1	0	22	39
chr10	45844395	45846686	2	2	1	0	3	28
chr10	45846756	45847124	2	2	1	0	1	24
chr10	45847955	45888164	2	2	0	0	1	47
chr10	47489251	47501134	2	2	0	0	1	22
chr10	72216139	72220053	1	1	1	0	5	37
chr10	72583512	72797765	2	2	0	0	7	25
chr10	72707061	72797765	2	2	0	0	7	25
chr10	72787500	72797765	2	2	0	0	7	25
chr10	73427373	73486400	1	1	0	0	4	46
chr10	73951804	73973075	2	2	0	0	2	45
chr10	79660995	79666784	0	0	1	0	2	35
chr10	79669575	79671090	1	1	1	0	13	44
chr10	79671134	79676467	1	1	1	0	11	44
chr10	79716632	79766270	2	2	1	0	1	6
chr10	79724013	79766270	2	2	1	0	5	9
chr10	79766325	79804484	2	2	1	0	20	43
chr10	79798028	79804484	2	2	1	0	14	44
chr10	79804528	79806038	2	2	1	0	20	44
chr10	79804528	79808758	2	2	1	0	1	31
chr10	79804528	79814612	2	2	1	0	12	33
chr10	79806123	79808758	2	2	1	0	7	23
chr10	79806123	79814612	2	2	1	0	1	25
chr10	79808833	79814612	2	2	1	0	11	42
chr10	79808964	79814612	2	2	1	0	2	35
chr10	79814717	79826197	2	2	1	0	5	39
chr10	87238795	87240443	1	1	0	0	1	20
chr10	87488012	87726216	1	1	0	0	4	47
chr10	92218194	92282474	1	1	0	0	5	46
chr10	97493056	97537870	1	3	0	0	1	25
chr10	97617982	97629194	2	4	0	0	2	31
chr10	97660084	97673068	2	2	0	0	1	39
chr10	99986940	99991691	1	1	0	0	2	39
chr10	100005536	100055019	2	2	0	0	1	43
chr10	100111074	100121854	1	1	0	0	1	26
chr10	101918285	101963501	2	2	0	0	1	46
chr10	102038899	102080255	2	2	0	0	1	34
chr10	102846304	102851507	2	2	1	0	1	4
chr10	103225439	103237719	1	1	0	0	1	27
chr10	116588699	116660219	2	2	0	0	27	13
chr10	119131244	119151154	1	1	0	0	2	46
chr10	121853239	121915765	2	2	0	0	3	27
chr10	122952027	122952828	2	2	1	0	3	16
chr11	308345	314262	2	2	1	0	4	43
chr11	308439	309012	1	1	1	0	7	46
chr11	308439	314921	1	1	1	0	12	46
chr11	314357	314921	1	1	1	0	32	46
chr11	314357	314926	1	1	1	0	1	26
chr11	319986	320564	2	2	1	0	1	26
chr11	319991	320564	2	2	1	0	41	46
chr11	329193	344645	0	0	0	0	3	46
chr11	9247016	9251774	1	1	0	0	2	46
chr11	9497913	9504756	2	2	0	0	1	45
chr11	9497913	9536079	2	2	0	0	1	45
chr11	16885781	17005318	1	1	0	0	7	46
chr11	18370986	18381962	2	2	0	0	1	25
chr11	32823256	32854337	2	2	0	0	2	43
chr11	47211030	47212321	1	3	0	0	6	26
chr11	47256272	47283325	2	2	0	0	2	39
chr11	48572315	48585320	1	1	0	0	1	41
chr11	61317739	61381486	2	2	0	0	2	39
chr11	61958496	61966209	1	1	0	0	1	32
chr11	62651348	62699135	2	2	0	0	1	39
chr11	62685712	62699135	2	2	0	0	1	39
chr11	62723274	62755908	2	2	0	0	1	41
chr11	62739359	62744530	1	1	0	0	1	44
chr11	63750900	63823765	0	0	0	0	9	46
chr11	64308897	64330092	2	2	0	0	2	42
chr11	64978168	64980403	1	1	0	0	1	38
chr11	65440434	65440815	2	4	0	0	1	24
chr11	65800228	65821862	1	3	0	0	1	36
chr11	66255825	66301447	1	1	0	0	1	15
chr11	66639879	66646205	0	0	0	0	3	39
chr11	66640053	66646172	2	2	0	0	1	24
chr11	66640124	66646026	1	1	1	0	18	30
chr11	66640124	66649735	1	1	1	0	2	22
chr11	66640124	66665855	1	1	1	0	2	15
chr11	68237469	68252451	2	2	0	0	1	46
chr11	70380177	70380336	1	1	0	0	1	42
chr11	72924421	72964932	1	1	0	0	1	37
chr11	73834914	73835223	2	2	0	0	1	29
chr11	76061623	76061753	2	2	0	0	1	17
chr11	98274170	98342372	0	0	0	0	3	43
chr11	100414954	100457767	2	2	0	0	2	39
chr11	107871368	107926514	1	1	0	0	2	45
chr11	108230913	108231487	1	3	1	0	1	16
chr11	110336949	110378978	2	2	0	0	1	41
chr11	124242138	124245067	1	1	0	0	1	35
chr11	126040601	126121030	1	1	0	0	3	46
chr12	759376	770018	1	3	0	0	1	27
chr12	6176551	6185391	1	1	0	0	1	46
chr12	6918534	7040189	1	1	0	0	3	32
chr12	7580429	7639070	1	1	0	0	2	40
chr12	7766759	7803355	2	2	0	0	1	44
chr12	8820497	8866102	1	1	0	0	2	39
chr12	9287922	9288274	1	1	0	0	1	27
chr12	9288350	9293661	1	1	1	0	2	36
chr12	9294519	9294816	1	1	1	0	1	37
chr12	9301247	9302227	1	1	1	0	3	33
chr12	9302275	9302622	1	1	1	0	5	27
chr12	9302703	9303974	1	1	1	0	1	42
chr12	9304020	9304139	1	1	1	0	1	29
chr12	9304020	9304177	1	1	0	0	1	22
chr12	9304214	9313808	1	1	0	0	1	36
chr12	9305758	9306014	1	1	1	0	2	26
chr12	9306124	9306236	1	1	1	0	2	35
chr12	9312324	9312616	1	1	1	0	2	36
chr12	9395942	9396273	1	1	0	0	1	29
chr12	9399961	9573320	2	2	0	0	3	22
chr12	9400009	9573368	1	1	0	0	3	22
chr12	9408434	9408512	1	1	0	0	2	21
chr12	9417993	9427626	2	2	0	0	1	36
chr12	9419191	9419488	2	2	1	0	2	36
chr12	9425603	9425715	2	2	1	0	2	35
chr12	9425825	9426081	2	2	1	0	2	26
chr12	9427663	9427820	2	2	0	0	1	22
chr12	9427701	9427820	2	2	1	0	1	4
chr12	9427866	9429131	2	2	1	0	2	45
chr12	9429212	9429559	2	2	1	0	2	27
chr12	9437105	9437402	2	2	1	0	1	37
chr12	9437490	9438010	2	2	1	0	1	35
chr12	9438260	9443534	2	2	1	0	2	36
chr12	9443610	9443962	2	2	0	0	1	27
chr12	9566456	9566534	2	2	0	0	2	21
chr12	9577056	9577401	2	2	0	0	1	29
chr12	9617352	9622318	1	1	1	0	1	21
chr12	23345962	23390748	2	2	0	0	1	39
chr12	27139455	27139965	1	1	0	0	2	15
chr12	27800350	27913455	0	0	0	0	5	33
chr12	48728606	48731388	1	3	0	0	1	39
chr12	49045542	49122704	1	3	0	0	18	24
chr12	49128126	49185177	1	1	1	0	6	37
chr12	49128939	49129241	2	2	1	0	2	17
chr12	49129723	49131297	2	2	1	0	1	15
chr12	49144294	49173464	2	2	0	0	1	33
chr12	49144297	49167546	1	1	0	0	1	30
chr12	49185991	49186309	2	2	1	0	2	27
chr12	49265185	49269464	1	1	1	0	1	43
chr12	49269977	49272252	1	1	1	0	1	42
chr12	50147189	50180897	1	1	0	0	2	46
chr12	50549453	50566894	2	2	0	0	1	45
chr12	51054918	51074882	1	1	0	0	1	26
chr12	53114508	53172994	1	1	0	0	2	46
chr12	54264625	54303136	2	2	0	0	1	44
chr12	54427926	54435359	1	1	1	0	2	3
chr12	56220358	56311694	1	1	0	0	2	38
chr12	56574934	56625662	1	1	0	0	2	46
chr12	56651512	56685583	1	1	0	0	1	45
chr12	56657418	56697529	2	2	0	0	1	26
chr12	56784180	56790055	2	2	0	0	1	34
chr12	57392676	57413927	2	2	0	1	0	16
chr12	69198480	69289779	1	1	0	0	2	46
chr12	75912735	75916556	2	2	0	0	2	45
chr12	75961085	75980980	2	2	0	0	1	39
chr12	81348523	81447083	1	1	0	0	2	45
chr12	83788291	83829990	1	1	0	0	1	44
chr12	87680278	87695587	1	1	0	0	1	41
chr12	93365507	93394234	2	2	0	0	1	39
chr12	95235255	95235636	2	2	0	0	1	38
chr12	95235383	95235636	2	2	0	0	1	38
chr12	95235510	95235636	2	2	0	0	1	38
chr12	98510969	98511447	2	2	0	0	1	22
chr12	106996024	107061563	1	1	0	0	2	42
chr12	108953269	108955591	2	4	0	0	1	14
chr12	108968876	108976697	2	2	0	0	1	33
chr12	109842580	110036685	1	1	0	0	3	39
chr12	111286805	111302835	1	1	0	0	1	38
chr12	111704373	111745769	2	2	0	0	1	39
chr12	111825196	111859884	1	1	0	0	1	44
chr12	112097511	112111838	1	1	0	0	1	22
chr12	113312216	113342990	2	2	0	0	1	36
chr12	114589688	114595697	2	4	0	0	1	27
chr12	118556930	118556966	2	4	0	0	1	40
chr12	120014628	120142261	1	1	0	0	3	47
chr12	120120291	120180773	1	1	0	0	2	41
chr12	120120291	120188634	1	1	0	0	2	41
chr12	121056632	121104437	1	1	0	0	1	41
chr12	121602345	121654642	1	3	0	0	3	27
chr12	122380216	122417438	2	4	0	0	2	24
chr12	123239651	123339525	2	2	0	0	4	22
chr12	123390787	123391214	1	1	0	0	1	31
chr12	123649199	123693684	2	2	0	0	1	35
chr12	124248635	124253451	2	4	0	0	1	26
chr12	124792695	124887741	2	4	0	0	2	27
chr12	124932313	124959155	2	2	0	0	1	38
chr12	132814255	132849820	2	2	0	0	1	41
chr12	133144526	133144903	1	1	1	0	1	3
chr13	19740180	19743944	2	2	0	0	1	37
chr13	20941640	20965399	1	3	0	0	1	25
chr13	24951771	24954776	2	2	1	0	1	42
chr13	28672433	28676190	1	1	0	0	1	41
chr13	41806489	41841571	1	1	0	0	1	41
chr13	44604404	44633981	1	3	0	0	2	41
chr13	45367236	45371807	1	1	0	0	1	20
chr13	49747129	49750778	1	1	0	0	1	41
chr13	60740992	60741980	2	2	0	0	1	19
chr13	73080317	73115841	2	2	0	0	1	39
chr13	79844641	79955291	2	2	0	0	5	43
chr13	106993225	107027097	2	2	0	0	1	19
chr14	19054712	19055389	1	1	1	0	5	40
chr14	19054717	19055389	1	1	1	0	2	31
chr14	19055575	19055601	1	1	0	0	6	27
chr14	19062467	19064582	1	1	1	0	6	44
chr14	19062467	19066235	1	1	1	0	10	46
chr14	19062467	19068076	1	1	1	0	1	24
chr14	19064694	19065967	1	1	1	0	21	44
chr14	19064694	19066000	1	1	1	0	8	46
chr14	19064694	19066235	1	1	1	0	3	44
chr14	19064694	19105059	1	1	0	0	1	22
chr14	19066116	19066235	1	1	1	0	52	46
chr14	19066348	19067829	1	1	1	0	3	27
chr14	19066348	19068076	1	1	1	0	50	46
chr14	19066348	19068100	1	1	1	0	1	46
chr14	19066348	19068432	1	1	1	0	2	46
chr14	19066348	19130635	1	1	1	0	4	31
chr14	19068148	19105600	1	3	0	0	2	38
chr14	19068215	19068432	1	1	1	0	54	46
chr14	19068432	19081904	1	1	0	0	1	45
chr14	19068569	19130635	1	1	1	0	5	38
chr14	19084855	19086199	2	4	0	0	1	22
chr14	19093007	19098694	1	1	1	0	2	19
chr14	19093007	19103676	1	1	1	0	3	43
chr14	19093007	19130635	1	1	1	0	10	43
chr14	19096073	19098694	1	1	1	0	1	44
chr14	19101007	19101151	2	2	0	0	1	28
chr14	19115271	19130635	1	1	1	0	1	34
chr14	19269381	19284715	2	2	1	0	2	34
chr14	19269381	19307020	2	2	1	0	13	43
chr14	19269381	19331481	2	2	1	0	4	29
chr14	19269381	19333701	2	2	1	0	4	31
chr14	19294427	19331901	2	4	0	0	2	38
chr14	19295000	19333721	1	1	0	0	1	36
chr14	19296352	19307020	2	2	1	0	3	43
chr14	19298870	19299014	1	1	0	0	1	28
chr14	19298952	19303468	2	2	0	0	1	32
chr14	19299136	19300206	1	3	0	0	1	18
chr14	19301330	19307020	2	2	0	0	2	43
chr14	19313848	19315192	1	3	0	0	1	22
chr14	19331618	19331834	2	2	1	0	54	46
chr14	19331618	19333701	2	2	1	0	2	46
chr14	19331949	19333701	2	2	1	0	1	46
chr14	19331973	19333701	2	2	1	0	50	46
chr14	19331973	19337579	2	2	1	0	1	24
chr14	19332220	19333701	2	2	1	0	3	27
chr14	19333814	19333933	2	2	1	0	52	46
chr14	19333814	19335351	2	2	1	0	3	44
chr14	19333814	19337579	2	2	1	0	10	46
chr14	19334049	19335351	2	2	1	0	8	46
chr14	19334082	19335351	2	2	1	0	20	44
chr14	19335463	19337579	2	2	1	0	6	44
chr14	19344635	19345307	2	2	1	0	2	31
chr14	19344635	19345312	2	2	1	0	5	40
chr14	19509578	19510253	1	1	0	0	2	33
chr14	19627341	19628016	1	1	0	0	2	33
chr14	21305035	21338148	2	2	0	0	2	46
chr14	22917643	22958550	2	2	0	0	1	39
chr14	24144469	24145242	2	2	0	0	1	23
chr14	24145274	24145378	2	2	1	0	1	31
chr14	31196540	31285152	1	1	0	0	2	31
chr14	34410494	34445473	2	4	0	0	4	27
chr14	34922095	35106077	2	2	0	0	3	34
chr14	35046629	35050032	1	1	1	0	2	15
chr14	35279910	35407898	1	1	0	0	3	41
chr14	35338462	35361434	2	2	0	0	1	43
chr14	49766831	49853683	2	2	0	0	2	30
chr14	49766831	49862618	2	2	0	0	2	30
chr14	52732380	52743050	2	4	0	0	2	39
chr14	54944471	54955560	2	2	1	0	2	35
chr14	63755088	63789713	1	1	0	0	1	45
chr14	64266926	64283970	1	3	0	0	1	26
chr14	64267662	64332585	1	1	0	0	3	39
chr14	64267662	64356033	1	1	0	0	3	39
chr14	72827558	72829466	2	2	0	0	1	22
chr14	73813561	73831808	1	1	0	0	1	27
chr14	74164102	74179546	2	4	0	0	1	39
chr14	100413649	100414548	1	1	0	0	1	44
chr14	102000400	102000594	1	1	1	0	1	3
chr14	102071208	102077921	2	2	0	0	1	15
chr14	102550161	102561330	2	2	0	0	1	34
chr14	103390221	103447271	2	2	0	0	3	27
chr14	103399495	103419073	1	1	0	0	2	46
chr14	103399495	103444563	1	1	0	0	2	46
chr14	103766703	103804931	1	1	0	0	1	46
chr15	22809822	22817281	2	2	0	0	2	43
chr15	22997849	23190472	2	2	0	0	5	40
chr15	28238218	28238601	2	2	1	0	1	35
chr15	28465380	28681364	1	1	0	0	5	46
chr15	28649068	28650506	1	1	1	0	1	45
chr15	28659400	28681364	1	1	0	0	5	46
chr15	28671634	28671730	1	1	1	0	1	27
chr15	28674028	28681795	1	1	1	0	1	45
chr15	28832461	28833275	1	1	1	0	2	45
chr15	30083101	30084770	1	1	1	0	2	3
chr15	30085843	30086023	1	1	1	0	2	35
chr15	30086105	30086957	1	1	1	0	1	27
chr15	30110427	30127684	1	1	1	0	3	12
chr15	30115589	30116891	1	1	1	0	1	16
chr15	30116939	30127684	1	1	1	0	1	31
chr15	30135197	30136865	1	1	1	0	2	3
chr15	30137941	30138121	1	1	1	0	2	35
chr15	30138203	30139057	1	1	1	0	1	27
chr15	30143682	30144112	1	1	1	0	2	7
chr15	30293912	30385908	1	1	0	0	3	39
chr15	30383383	30386862	2	2	1	0	2	32
chr15	30404612	30421435	1	1	1	0	1	34
chr15	30405199	30405629	2	2	1	0	2	7
chr15	30408296	30408401	2	2	1	0	1	3
chr15	30411200	30411380	2	2	1	0	2	35
chr15	30412449	30414114	2	2	1	0	2	3
chr15	32574459	32581557	2	2	1	0	1	30
chr15	32586261	32603106	2	2	1	0	1	34
chr15	40427473	40427921	2	4	0	0	1	42
chr15	41363056	41400142	1	1	0	0	1	26
chr15	43624194	43685809	1	1	0	0	2	46
chr15	45373332	45375650	2	2	1	0	2	5
chr15	56480318	56516671	1	1	0	0	2	47
chr15	64133660	64204072	1	1	0	0	2	23
chr15	64133660	64206369	1	1	0	0	2	23
chr15	64243956	64260524	1	1	0	0	2	41
chr15	64383608	64403994	2	2	0	0	1	35
chr15	64394391	64450174	1	1	0	0	2	31
chr15	67993547	68021913	2	2	0	0	1	33
chr15	68198944	68199078	2	2	0	0	4	38
chr15	68678533	68722925	1	1	0	0	2	44
chr15	75185224	75187307	1	1	0	0	1	43
chr15	75409512	75433595	1	1	0	0	1	29
chr15	75548886	75624159	2	2	0	0	2	40
chr15	82385302	82450820	1	1	0	0	15	46
chr15	83354543	83360065	1	1	0	0	72	44
chr15	84126601	84181981	1	1	0	0	2	33
chr15	84172586	84173978	1	1	1	0	2	4
chr15	84172586	84174007	1	1	1	0	1	14
chr15	84173075	84173978	1	1	1	0	1	30
chr15	84174158	84181981	1	1	1	0	6	46
chr15	84239406	84239787	1	1	1	0	3	42
chr15	84491582	84499414	2	2	1	0	4	46
chr15	84499565	84500986	2	2	1	0	1	14
chr15	84499594	84500986	2	2	1	0	2	4
chr15	84512834	84513214	2	2	1	0	3	42
chr15	84569684	84570598	2	2	1	0	1	30
chr16	128554	148237	1	1	0	0	1	46
chr16	487176	507156	1	3	0	0	1	27
chr16	1948081	2018582	1	1	0	0	2	37
chr16	2335102	2401229	0	0	0	0	3	44
chr16	2538137	2557702	1	1	1	0	1	27
chr16	2557763	2597658	1	1	0	0	3	44
chr16	2557964	2561479	1	1	1	0	2	28
chr16	2561523	2561770	1	1	1	0	2	23
chr16	2561523	2577424	1	1	1	0	1	18
chr16	2561909	2565552	1	1	1	0	3	39
chr16	2566454	2577424	1	1	1	0	4	25
chr16	2570357	2571581	2	2	0	0	2	45
chr16	2571817	2572313	2	4	1	0	1	5
chr16	2571859	2572034	2	2	0	0	1	24
chr16	2581364	2581606	1	1	1	0	1	21
chr16	2581704	2583411	1	1	1	0	1	34
chr16	2583586	2583830	1	1	1	0	1	31
chr16	2583586	2586675	1	1	1	0	1	9
chr16	2616355	2616599	2	2	1	0	1	31
chr16	2616774	2618481	2	2	1	0	1	34
chr16	2618579	2618821	2	2	1	0	1	21
chr16	2620301	2622414	2	2	0	0	1	31
chr16	2622766	2633738	2	2	1	0	4	25
chr16	2622766	2638669	2	2	1	0	1	18
chr16	2628177	2628352	2	4	0	0	1	43
chr16	2634640	2638283	2	2	1	0	3	39
chr16	2672571	2672706	2	2	1	0	2	34
chr16	3628792	3709047	2	2	0	0	5	46
chr16	4912886	4916911	2	2	0	0	1	43
chr16	14308612	14311741	1	1	0	0	2	46
chr16	14708754	14708905	1	1	0	0	1	33
chr16	14708754	14748027	1	1	0	0	1	33
chr16	14709064	14716067	1	1	1	0	4	33
chr16	14716206	14765312	2	2	0	0	2	21
chr16	14726106	14765282	2	2	0	0	1	34
chr16	14726163	14765156	2	2	0	0	19	44
chr16	14726170	14765290	1	1	0	0	1	43
chr16	14747876	14748027	1	1	0	0	1	33
chr16	14748186	14755191	1	1	1	0	4	33
chr16	14755330	14765312	2	2	0	0	2	21
chr16	14765226	14765282	2	2	0	0	1	34
chr16	14878384	14933912	2	2	0	0	2	18
chr16	14911908	14917539	1	1	1	0	17	42
chr16	14912761	14912948	1	3	0	0	1	37
chr16	14917612	14917732	1	1	1	0	11	40
chr16	14917805	14918072	1	1	1	0	4	20
chr16	14924639	14925732	1	1	1	0	1	5
chr16	14927360	14928380	1	1	1	0	1	47
chr16	14931688	14931923	1	3	0	0	1	37
chr16	14932972	14933065	1	1	1	0	3	5
chr16	14933277	14933366	1	1	1	0	2	22
chr16	14933277	14935159	1	1	0	0	1	36
chr16	14933494	14935159	1	1	1	0	8	39
chr16	14935277	14935347	1	1	0	0	1	16
chr16	14935398	14937564	1	1	1	0	4	36
chr16	14935398	14941811	1	1	0	0	4	46
chr16	14937651	14941811	1	1	1	0	5	29
chr16	14945674	14945836	1	1	1	0	1	7
chr16	14945982	14948929	1	1	1	0	2	10
chr16	14949038	14950049	1	1	1	0	6	40
chr16	14950111	14950219	1	1	1	0	5	19
chr16	14950256	14951614	1	1	1	0	10	36
chr16	14950822	14951614	1	1	1	0	3	43
chr16	14951838	14951894	2	2	0	0	1	14
chr16	15104409	15104479	1	1	0	0	11	25
chr16	15104409	15104547	1	1	0	0	1	26
chr16	15104605	15363789	1	1	0	0	12	46
chr16	15104759	15106114	2	2	1	0	1	12
chr16	15106321	15107329	2	2	1	0	6	40
chr16	15107438	15110413	2	2	1	0	2	10
chr16	15110822	15114442	2	2	1	0	1	17
chr16	15114572	15118925	2	2	1	0	12	41
chr16	15115211	15127065	1	1	0	0	1	46
chr16	15119055	15125690	2	2	1	0	4	45
chr16	15119694	15127065	1	1	0	0	1	46
chr16	15125808	15127469	2	2	1	0	3	39
chr16	15127898	15127991	2	2	1	0	3	5
chr16	15134346	15135029	2	2	1	0	3	45
chr16	15137924	15138191	2	2	1	0	4	20
chr16	15138264	15138384	2	2	1	0	11	40
chr16	15138457	15154349	2	2	1	0	17	42
chr16	15363859	15363915	1	1	0	0	2	43
chr16	15364070	15365428	2	2	1	0	10	36
chr16	15364933	15365428	2	2	1	0	3	4
chr16	15365465	15365573	2	2	1	0	5	19
chr16	15365635	15366652	2	2	1	0	6	40
chr16	15366761	15369711	2	2	1	0	2	10
chr16	15369857	15370019	2	2	1	0	1	7
chr16	15373844	15380927	2	2	1	0	4	33
chr16	15381086	15381239	2	2	0	0	1	33
chr16	15425983	15438131	1	3	0	0	1	26
chr16	15520720	15541834	2	2	0	0	1	46
chr16	20483178	20486573	1	1	1	0	1	24
chr16	20537363	20540653	2	2	1	0	1	24
chr16	21467213	21484509	2	2	0	0	2	19
chr16	21472746	21473123	2	2	1	0	1	43
chr16	21483788	21484371	2	2	1	0	1	16
chr16	21484536	21487577	2	2	1	0	2	26
chr16	21487617	21501776	2	2	1	0	2	10
chr16	21904541	21904918	2	2	1	0	1	43
chr16	21911372	21915120	2	2	1	0	1	12
chr16	21915277	21915860	2	2	1	0	1	16
chr16	22437493	22451619	1	1	1	0	2	10
chr16	22451659	22454701	1	1	1	0	2	26
chr16	22454728	22471731	1	1	0	0	2	19
chr16	22454866	22455449	1	1	1	0	1	16
chr16	22455606	22459354	1	1	1	0	1	12
chr16	22465819	22466196	1	1	1	0	1	43
chr16	22476484	22477108	1	1	0	0	1	38
chr16	22476543	22476959	2	2	0	0	4	14
chr16	23503864	23588236	2	2	0	0	3	43
chr16	28312980	28441013	0	0	0	0	5	47
chr16	28390982	28391751	2	2	1	0	2	32
chr16	28391856	28391979	2	2	1	0	3	8
chr16	28392143	28399870	2	2	1	0	2	22
chr16	28400487	28400614	2	2	1	0	1	13
chr16	28401397	28401538	2	2	1	0	2	17
chr16	28401605	28403517	2	2	1	0	1	33
chr16	28403649	28403786	2	2	1	0	1	18
chr16	28442091	28442300	2	2	0	0	1	21
chr16	28560364	28584427	1	1	0	0	1	34
chr16	28638481	28648134	1	1	1	0	2	43
chr16	28641679	28648134	1	1	0	0	2	29
chr16	28652057	28652168	1	1	1	0	1	40
chr16	28711519	28711656	1	1	1	0	1	18
chr16	28711788	28713700	1	1	1	0	1	33
chr16	28713767	28713908	1	1	1	0	2	17
chr16	28714691	28714818	1	1	1	0	1	13
chr16	28715435	28723163	1	1	1	0	2	22
chr16	28723324	28723447	1	1	1	0	3	8
chr16	28723552	28724321	1	1	1	0	2	32
chr16	28752435	28762163	1	1	0	0	3	25
chr16	28752593	28762250	1	1	1	0	2	43
chr16	28755769	28762250	1	1	0	0	2	29
chr16	28766182	28766293	1	1	1	0	1	40
chr16	28808096	28815340	2	2	0	0	2	41
chr16	28841229	28959749	1	1	0	0	5	44
chr16	29035419	29052171	2	2	0	0	1	16
chr16	29050563	29050671	1	1	1	0	2	36
chr16	29050708	29052071	1	1	1	0	3	12
chr16	29384290	29385649	2	2	1	0	3	12
chr16	29385686	29385794	2	2	1	0	2	36
chr16	29390137	29390248	2	2	1	0	2	30
chr16	29390349	29393947	2	2	1	0	7	41
chr16	29394164	29403840	2	2	0	0	3	25
chr16	29396697	29576492	1	1	0	0	3	38
chr16	29485834	29487193	2	2	1	0	3	12
chr16	29487230	29487338	2	2	1	0	2	36
chr16	29491663	29491774	2	2	1	0	2	30
chr16	29491875	29495478	2	2	1	0	7	41
chr16	29500275	29505472	2	2	1	0	1	14
chr16	29681805	29765098	2	2	0	0	2	45
chr16	30390703	30391577	2	2	0	0	1	43
chr16	30596948	30607032	2	2	0	0	2	45
chr16	32187106	32188008	2	2	1	0	1	37
chr16	32254684	32254890	1	1	1	0	3	36
chr16	32674565	32674776	2	2	1	0	3	36
chr16	32741419	32742321	1	1	1	0	1	37
chr16	32755046	32757751	1	1	1	0	3	13
chr16	32758369	32758475	1	1	1	0	2	37
chr16	32758604	32758695	1	1	1	0	13	40
chr16	32773664	32774490	1	1	1	0	1	45
chr16	33111713	33111804	2	2	1	0	13	40
chr16	33111933	33112039	2	2	1	0	2	37
chr16	33112657	33115362	2	2	1	0	3	13
chr16	56608684	56608991	1	1	1	0	1	35
chr16	56609058	56609262	1	1	1	0	32	45
chr16	56633406	56633750	1	1	1	0	13	28
chr16	56639330	56639858	1	1	1	0	14	41
chr16	56658087	56658674	1	1	1	0	5	23
chr16	56658741	56659072	1	1	1	0	12	36
chr16	56666971	56667311	2	2	1	0	39	45
chr16	56667381	56667965	2	2	1	0	3	12
chr16	56683231	56683957	1	1	1	0	2	26
chr16	67785087	67809823	2	2	0	0	2	21
chr16	68705988	68723991	2	2	0	0	1	45
chr16	69035838	69047281	1	1	0	0	2	47
chr16	70230485	70370825	0	0	0	0	5	36
chr16	70266099	70287036	1	1	0	0	4	29
chr16	70266099	70447626	1	1	0	0	4	29
chr16	70363580	70370798	2	2	0	0	1	33
chr16	71899809	71999056	1	1	0	0	3	33
chr16	73459599	73474379	2	2	0	0	1	41
chr16	87751946	87777441	1	1	0	0	1	23
chr16	89692728	89692892	2	2	0	0	1	37
chr17	609915	679300	1	1	0	0	2	46
chr17	958646	1025170	2	2	0	0	2	45
chr17	1410455	1451747	1	1	0	0	1	40
chr17	1569970	1596661	2	2	0	0	1	46
chr17	1614017	1634161	1	1	0	0	1	46
chr17	1703461	1708153	1	3	0	0	3	20
chr17	1914414	1939137	1	1	0	0	2	44
chr17	1987893	2007730	1	1	0	0	1	41
chr17	2291117	2301627	1	1	0	0	1	45
chr17	2562157	2573495	1	1	0	0	1	34
chr17	2868563	2884417	1	3	0	0	1	26
chr17	3371214	3371663	2	2	0	0	1	37
chr17	3541148	3581972	2	2	0	0	1	45
chr17	3650848	3651907	1	1	0	0	1	37
chr17	3819343	3826798	1	1	0	0	1	46
chr17	4471202	4517426	1	3	0	0	1	41
chr17	4924032	4928201	1	3	0	0	1	27
chr17	5245434	5339579	2	2	0	0	2	20
chr17	7026153	7057033	2	2	0	0	1	46
chr17	7628677	7682447	2	2	0	0	2	41
chr17	9068689	9091634	1	1	0	0	2	34
chr17	9068689	9155522	1	1	0	0	2	34
chr17	9569883	9770042	1	1	0	0	4	32
chr17	12535766	12571146	1	1	0	0	1	38
chr17	16228621	16230093	2	2	0	0	12	46
chr17	18609933	18610378	1	1	1	0	1	19
chr17	18693455	18768298	2	2	0	0	6	46
chr17	18740994	18768298	2	2	0	0	6	46
chr17	18834361	18856043	2	2	1	0	3	40
chr17	18835621	18836069	2	2	1	0	1	19
chr17	18894390	18943587	2	2	0	0	1	30
chr17	19064047	19190155	2	2	0	0	36	45
chr17	19093307	19093464	1	1	1	0	1	4
chr17	19112547	19190155	2	2	0	0	36	45
chr17	19112549	19190155	2	2	1	0	2	3
chr17	19118731	19170808	2	2	0	0	2	47
chr17	19158621	19158778	2	2	1	0	1	4
chr17	19526145	19563364	2	2	0	0	1	46
chr17	21304554	21305050	1	1	1	0	1	8
chr17	21305129	21312141	1	1	1	0	1	8
chr17	27228921	27376223	1	1	0	0	4	46
chr17	30135707	30214865	2	2	0	0	3	46
chr17	30636284	30636811	2	2	0	0	1	25
chr17	30952458	30962214	2	2	0	0	1	32
chr17	31454671	31472819	1	1	0	0	1	46
chr17	31563329	31577373	2	2	0	0	1	46
chr17	32024601	32024710	1	1	0	0	2	28
chr17	32024783	32027768	1	1	1	0	1	18
chr17	32027841	32030655	1	1	1	0	1	4
chr17	32030728	32031377	1	1	1	0	1	30
chr17	32088241	32088890	2	2	1	0	1	30
chr17	32094934	32095043	2	2	0	0	2	28
chr17	32388162	32420432	1	1	0	0	1	18
chr17	35218364	35232515	2	2	0	0	1	44
chr17	36522942	36581220	1	1	0	0	2	24
chr17	37618570	37621851	2	4	0	0	1	27
chr17	37618589	37620495	2	2	0	0	1	16
chr17	37995994	38076676	2	4	0	0	2	39
chr17	38014560	38109143	2	4	0	0	2	17
chr17	38078347	38101402	1	1	1	0	8	13
chr17	38101481	38111400	1	1	1	0	3	3
chr17	38111523	38114778	1	1	1	0	5	44
chr17	38114887	38117539	1	1	1	0	5	30
chr17	38117741	38118186	1	1	1	0	15	46
chr17	38118284	38118407	1	1	1	0	5	34
chr17	38118284	38122799	1	1	0	0	1	41
chr17	38118442	38119292	1	1	1	0	8	22
chr17	38119408	38122799	1	1	1	0	25	43
chr17	38122831	38124099	1	1	0	0	1	29
chr17	38122965	38124038	1	1	1	0	71	47
chr17	38124144	38124569	1	1	1	0	90	45
chr17	38124631	38129494	1	1	0	0	1	20
chr17	38191031	38195879	2	2	0	0	1	20
chr17	38195941	38196366	2	2	1	0	90	45
chr17	38196411	38197679	2	2	0	0	1	29
chr17	38196472	38197545	2	2	1	0	71	47
chr17	38196524	38197545	2	2	1	0	2	40
chr17	38197711	38201104	2	2	1	0	25	43
chr17	38197711	38202237	2	2	0	0	1	41
chr17	38197711	38205634	2	2	1	0	3	3
chr17	38201220	38202071	2	2	1	0	8	22
chr17	38202106	38202237	2	2	1	0	5	34
chr17	38202335	38202780	2	2	1	0	15	46
chr17	38202982	38205634	2	2	1	0	5	30
chr17	38205743	38208994	2	2	1	0	5	44
chr17	38209117	38219045	2	2	1	0	3	3
chr17	38211468	38219045	2	2	1	0	3	3
chr17	38219124	38242200	2	2	1	0	8	13
chr17	38234027	38278736	2	2	0	0	1	28
chr17	38237683	38263736	1	1	0	0	1	37
chr17	38242286	38256897	2	2	1	0	1	40
chr17	38932324	38954220	2	2	0	0	1	43
chr17	39342690	39386279	2	4	0	0	1	27
chr17	39349722	39454913	1	1	0	0	4	41
chr17	39351112	39389595	1	5	0	0	2	45
chr17	39412311	39414751	2	2	0	0	2	34
chr17	39853623	39890796	1	1	0	0	1	41
chr17	40228248	40359309	2	2	0	0	3	46
chr17	42219464	42219711	2	2	1	0	2	24
chr17	42299882	42300129	1	1	1	0	2	24
chr17	42374583	42410866	2	4	0	0	1	26
chr17	42724942	42791732	1	1	0	0	2	43
chr17	42726706	42728305	1	1	0	0	1	22
chr17	42924402	43001876	1	1	0	0	2	46
chr17	43009540	43057620	1	1	0	0	5	46
chr17	43120551	43121160	1	1	0	0	1	40
chr17	43261364	43264505	2	2	0	0	1	43
chr17	43261364	43282027	2	2	0	0	1	43
chr17	43261364	43288191	2	2	0	0	1	43
chr17	43571945	43607967	2	2	0	0	1	39
chr17	44676608	44682642	1	1	0	0	3	22
chr17	44858081	44871497	2	4	0	0	1	12
chr17	45621153	45621907	1	1	1	0	3	29
chr17	45622042	45629903	1	1	1	0	1	36
chr17	46172233	46223670	2	2	1	0	1	43
chr17	46223805	46224560	2	2	1	0	3	29
chr17	47160310	47327247	2	2	0	0	6	38
chr17	49655856	49780875	1	3	0	0	4	23
chr17	51081602	51115688	1	1	0	0	1	17
chr17	53309907	53357180	1	1	0	0	1	28
chr17	58734640	58735240	1	3	0	0	1	27
chr17	59001131	59044497	1	1	0	0	2	42
chr17	59577366	59578168	1	1	0	0	1	24
chr17	59579559	59579696	1	1	1	0	4	43
chr17	59579880	59586152	1	1	1	0	2	8
chr17	59586234	59587895	1	1	1	0	4	25
chr17	59598852	59599374	1	1	1	0	1	42
chr17	59904312	59993950	2	2	0	0	4	44
chr17	59976133	59976655	2	2	1	0	1	42
chr17	59987605	59989263	2	2	1	0	2	25
chr17	59995815	59995952	2	2	1	0	4	43
chr17	60681640	60728567	2	2	0	0	1	39
chr17	62280870	62351663	1	3	0	0	2	24
chr17	62687747	62730045	1	1	0	0	1	37
chr17	62739612	62767681	2	2	0	0	1	41
chr17	63619662	63650551	2	2	0	0	1	30
chr17	67992337	67999038	1	1	0	0	2	30
chr17	75192009	75230088	1	3	0	0	1	27
chr17	75284376	75418519	2	4	0	0	5	27
chr17	75352971	75389631	1	1	0	0	1	13
chr17	75862890	75881071	2	2	0	0	1	20
chr17	75966244	75981814	1	1	0	0	1	46
chr17	75989345	75993335	2	2	0	0	1	45
chr17	76321342	76345020	1	1	0	0	1	41
chr17	76712259	76729172	2	2	0	0	2	43
chr17	80020558	80061318	2	4	0	0	1	27
chr17	82266846	82307317	1	1	0	0	1	46
chr17	82511979	82533275	1	1	0	0	1	34
chr17	82624762	82635851	1	1	0	0	1	39
chr18	508433	639210	0	0	0	0	3	30
chr18	2991981	3081103	2	4	0	0	6	26
chr18	7176272	7186577	1	1	0	1	0	43
chr18	7410778	7435097	2	2	0	0	4	39
chr18	22917971	23000713	2	4	0	0	2	27
chr18	23478045	23554578	2	4	0	0	2	27
chr18	46094454	46101959	1	1	0	0	1	12
chr18	58798410	58842613	2	2	0	0	1	28
chr18	59235264	59374867	2	2	0	0	3	36
chr18	76576779	76602030	1	1	0	0	1	39
chr19	566206	832864	1	1	0	0	5	46
chr19	574339	832864	1	1	0	0	5	46
chr19	820754	840196	2	2	0	0	1	41
chr19	1599561	1602036	2	2	1	0	1	4
chr19	2387139	2470763	2	2	0	0	2	43
chr19	2401653	2450682	1	3	0	0	1	27
chr19	2840201	2854253	2	2	0	0	1	15
chr19	2879953	2886209	2	2	0	0	3	44
chr19	2879953	2896204	2	2	0	0	1	44
chr19	2889876	2956941	2	2	0	0	2	38
chr19	3307985	3331826	2	2	0	0	1	34
chr19	4158433	4181727	1	1	0	0	1	38
chr19	4495161	4499120	1	1	0	0	1	14
chr19	5808844	5872656	2	4	0	0	3	43
chr19	5853373	5901764	1	1	0	0	1	44
chr19	6326359	6337909	2	2	0	0	1	46
chr19	6615668	6653642	2	2	0	0	1	37
chr19	6928399	6949652	1	1	0	0	1	34
chr19	6946950	6949652	1	1	0	0	1	34
chr19	8199830	8234091	1	1	0	0	1	40
chr19	8218010	8260239	1	1	0	0	1	27
chr19	8425828	8436345	1	3	0	0	2	44
chr19	9129530	9158415	1	3	0	0	1	27
chr19	9627044	9627712	1	1	1	0	1	3
chr19	10098754	10198777	1	1	0	0	3	28
chr19	10465410	10481697	1	1	0	0	1	28
chr19	10652624	10652947	2	2	0	0	1	33
chr19	10663782	10666491	1	1	0	0	2	39
chr19	10699638	10738854	1	1	0	0	1	16
chr19	10853672	10866282	2	2	0	0	1	14
chr19	10853672	10885955	2	2	0	0	1	14
chr19	11160689	11190775	1	3	0	0	1	26
chr19	11521680	11524425	1	3	0	0	1	21
chr19	11575354	11583416	1	1	0	0	2	42
chr19	11949740	11950638	2	4	0	0	1	19
chr19	12627530	12671231	1	1	0	0	5	19
chr19	12958807	13048879	2	4	0	0	3	23
chr19	13456458	13461126	1	1	0	0	1	46
chr19	13990603	14013623	1	1	0	0	1	46
chr19	13990603	14034737	1	1	0	0	1	46
chr19	14645582	14681657	2	2	0	1	0	33
chr19	15060151	15091444	1	1	0	0	1	17
chr19	15275108	15275909	2	4	0	0	1	38
chr19	16331711	16347424	2	2	0	0	1	43
chr19	16476173	16539242	1	1	0	0	2	32
chr19	16662542	16708186	2	2	0	0	1	46
chr19	16670052	16789799	2	2	0	0	4	20
chr19	16683740	16684033	1	1	0	0	2	47
chr19	16768074	16789799	2	2	0	0	4	20
chr19	17276910	17277383	1	1	1	0	1	40
chr19	17292855	17296715	1	1	0	0	1	14
chr19	17728173	17728737	1	1	1	0	1	3
chr19	19088349	19127462	1	1	0	0	1	26
chr19	19361872	19384263	2	2	0	0	8	41
chr19	19659988	19660528	2	2	1	0	1	3
chr19	19720500	19721116	2	4	0	0	1	40
chr19	20987413	21013287	2	4	0	0	1	27
chr19	21016900	21020118	1	3	0	0	1	23
chr19	21445673	21475319	1	3	0	0	1	26
chr19	21744116	21744940	2	2	1	0	5	21
chr19	21819222	21843144	2	2	1	0	1	32
chr19	22754174	22774676	2	4	0	0	1	43
chr19	22926872	22927453	1	1	0	0	1	28
chr19	23238880	23241005	2	2	0	0	1	27
chr19	23270293	23272618	2	2	1	0	1	3
chr19	32753025	32761362	2	2	0	0	2	46
chr19	33053567	33054002	1	3	0	0	1	35
chr19	34174180	34400956	2	2	0	0	4	46
chr19	34176081	34264630	2	2	0	0	3	46
chr19	34989814	35016673	1	1	0	0	2	33
chr19	36124364	36125450	1	1	1	0	1	21
chr19	37196020	37207039	2	2	1	0	1	3
chr19	37335258	37346887	1	1	1	0	1	3
chr19	37340694	37379507	1	3	0	0	1	27
chr19	37683934	37726350	1	1	0	0	1	26
chr19	37737961	37746624	1	3	0	0	3	27
chr19	37988503	37991059	2	2	0	0	1	13
chr19	38867110	38909804	2	2	0	0	1	41
chr19	38875619	38882578	1	1	0	0	3	26
chr19	39311997	39312704	1	1	0	0	1	37
chr19	41970677	41971435	1	3	0	0	2	27
chr19	42510975	42521991	1	1	1	0	1	26
chr19	43988559	43991547	1	1	1	0	1	34
chr19	43991675	43991841	1	1	1	0	1	47
chr19	45296986	45335842	1	1	0	0	1	38
chr19	45720461	45742067	1	1	0	0	1	14
chr19	45774495	45809233	2	2	0	0	2	46
chr19	45808898	45809233	2	2	0	0	2	46
chr19	47014870	47030254	2	2	0	0	2	46
chr19	47143336	47254705	2	2	0	0	15	46
chr19	47439335	47476114	2	2	0	0	1	28
chr19	47607563	47712773	2	2	0	0	3	41
chr19	47619490	47712773	2	2	0	0	2	39
chr19	47732215	47732990	1	1	1	0	1	18
chr19	47938945	47944324	2	2	0	0	1	25
chr19	47973003	48237583	1	1	0	0	5	39
chr19	48116229	48237583	1	1	0	0	6	39
chr19	48249848	48255791	2	2	1	0	4	36
chr19	48527398	48535815	2	2	0	0	1	16
chr19	49083428	49126481	2	2	0	0	1	35
chr19	49455537	49473670	1	1	0	0	3	32
chr19	49704254	49725084	2	2	0	0	1	32
chr19	50020086	50023230	1	3	0	0	1	27
chr19	50278878	50283962	2	2	0	0	1	37
chr19	50343639	50354249	2	2	0	0	1	28
chr19	50622482	50622686	2	2	1	0	1	8
chr19	50622756	50625161	2	2	1	0	1	17
chr19	50744823	50775661	1	1	0	0	2	43
chr19	50895936	50896338	1	3	0	0	1	27
chr19	50896130	50896525	2	2	0	0	2	19
chr19	52300485	52314152	1	1	1	0	1	41
chr19	52369978	52373110	1	1	1	0	1	15
chr19	52501909	52504654	1	1	1	0	1	45
chr19	52523639	52772389	1	1	0	0	5	45
chr19	52555871	52584034	2	2	0	0	1	29
chr19	52576022	52582201	1	1	1	0	3	47
chr19	52714142	52715831	2	2	1	0	1	45
chr19	54980427	55016606	2	2	0	0	1	46
chr19	55288816	55334559	2	2	0	0	1	34
chr19	55959490	55990595	1	3	0	0	6	41
chr19	57839150	57840837	1	1	1	0	1	44
chr19	57856234	57858575	1	1	1	0	2	24
chr19	57858612	57858745	1	1	0	0	1	24
chr19	57875227	57876915	2	2	1	0	1	44
chr19	57909945	57910078	2	2	0	0	1	24
chr19	57910115	57912059	2	2	1	0	2	24
chr19	58345641	58392296	2	4	0	0	1	20
chr20	2863637	2870242	2	4	0	0	1	41
chr20	15377123	15401270	2	2	0	0	2	39
chr20	21891122	21929662	2	2	0	0	1	37
chr20	25751339	25752562	1	1	1	0	2	32
chr20	26014724	26025436	1	1	0	0	2	12
chr20	29081403	29082601	1	1	1	0	4	10
chr20	29082664	29091593	1	1	1	0	1	10
chr20	29480183	29481357	2	2	1	0	4	36
chr20	29481469	29482453	2	2	1	0	34	45
chr20	29494956	29496149	2	2	1	0	7	45
chr20	31447137	31511919	2	4	0	0	2	40
chr20	33331125	33421541	1	1	0	0	2	43
chr20	33500682	33531055	2	2	0	0	1	27
chr20	33807154	33823032	2	2	0	0	1	29
chr20	34101906	34196405	2	2	0	0	2	46
chr20	34106967	34173483	1	1	0	0	2	36
chr20	35402364	35441338	1	1	0	0	1	46
chr20	35846262	35991962	2	2	0	0	5	34
chr20	36584510	36585170	2	4	0	0	1	28
chr20	36594771	36660792	2	2	0	0	2	41
chr20	43696772	43741368	1	3	0	0	1	24
chr20	48882377	48924386	2	2	0	0	1	27
chr20	49087440	49120876	2	2	0	0	1	32
chr20	49809592	49829495	2	2	0	0	1	27
chr20	51679111	51688379	1	1	0	0	1	25
chr20	51809943	51825366	1	1	0	0	2	39
chr20	51870688	51893308	2	2	0	0	1	27
chr20	53675916	53725692	2	2	0	0	1	41
chr20	63630210	63826507	1	1	0	0	9	46
chr20	63634274	63656338	2	2	0	0	1	45
chr20	63638240	63646585	2	2	0	0	1	28
chr20	63802395	63845785	2	4	0	0	2	27
chr21	6318605	6320871	1	1	1	0	21	38
chr21	6318605	6320882	1	1	1	0	8	35
chr21	6318605	6322599	1	1	1	0	4	46
chr21	6320975	6322599	1	1	1	0	1	7
chr21	6322698	6323873	1	1	1	0	1	35
chr21	6322698	6329547	1	1	1	0	13	40
chr21	6322698	6332408	1	1	1	0	1	31
chr21	6322698	6353085	1	1	1	0	1	22
chr21	6324087	6329547	1	1	1	0	2	35
chr21	6327660	6328657	2	2	0	0	5	28
chr21	6329608	6354357	1	1	1	0	1	3
chr21	6329624	6332408	1	1	1	0	1	17
chr21	6330151	6337775	2	2	0	0	2	42
chr21	6330922	6332408	1	1	1	0	1	36
chr21	6344392	6346260	2	4	0	0	1	16
chr21	6348305	6353085	1	1	1	0	7	41
chr21	6634769	6659518	2	2	1	0	1	3
chr21	6636041	6640821	2	2	1	0	7	41
chr21	6636041	6666428	2	2	1	0	1	22
chr21	6642866	6644734	1	3	0	0	1	16
chr21	6656718	6658204	2	2	1	0	1	36
chr21	6656718	6659502	2	2	1	0	1	17
chr21	6656718	6666428	2	2	1	0	1	31
chr21	6659579	6665039	2	2	1	0	2	35
chr21	6659579	6666428	2	2	1	0	13	40
chr21	6660469	6661466	1	1	0	0	5	28
chr21	6660469	6988536	1	1	0	0	5	28
chr21	6665253	6666428	2	2	1	0	1	35
chr21	6666527	6668151	2	2	1	0	1	7
chr21	6666527	6670521	2	2	1	0	4	46
chr21	6668244	6670521	2	2	1	0	8	35
chr21	6668255	6670521	2	2	1	0	21	38
chr21	6986649	6992109	2	2	1	0	1	35
chr21	6986649	6993498	2	2	1	0	13	40
chr21	6987539	6988536	1	1	0	0	5	28
chr21	6992323	6993498	2	2	1	0	1	35
chr21	6993597	6995221	2	2	1	0	1	7
chr21	6993597	6997591	2	2	1	0	4	46
chr21	6995314	6997591	2	2	1	0	8	35
chr21	6995325	6997591	2	2	1	0	21	38
chr21	7073150	7073368	1	1	0	0	1	28
chr21	7080202	7081048	1	1	1	0	1	17
chr21	7085683	7086967	1	1	1	0	1	30
chr21	7110161	7110480	1	1	1	0	1	13
chr21	7110512	7111478	1	1	1	0	1	31
chr21	7454928	7455146	1	1	0	0	1	28
chr21	7461980	7462826	1	1	1	0	1	17
chr21	7467461	7468745	1	1	1	0	1	30
chr21	7491939	7492258	1	1	1	0	1	13
chr21	7492290	7493256	1	1	1	0	1	31
chr21	7616492	7617320	1	1	1	0	1	22
chr21	7617516	7618892	2	4	0	0	1	41
chr21	7669660	7670944	2	2	1	0	1	30
chr21	7675579	7676425	2	2	1	0	1	17
chr21	7683259	7683477	2	2	0	0	1	28
chr21	8103655	8105031	1	3	0	0	1	41
chr21	8105227	8106055	2	2	1	0	1	22
chr21	8228509	8228968	2	4	0	0	2	46
chr21	8759139	8761275	1	1	1	0	2	30
chr21	9070445	9127488	2	2	1	0	5	18
chr21	9360997	9361045	1	1	0	0	1	19
chr21	9361787	9363354	2	4	0	0	1	27
chr21	22361511	22614923	1	3	0	0	6	41
chr21	22909724	22958462	2	2	0	0	1	22
chr21	29446506	29447354	1	3	0	0	1	38
chr21	31032261	31096693	1	1	0	0	2	46
chr21	32260800	32304401	1	1	0	0	1	46
chr21	33593195	33653610	2	2	0	0	2	44
chr21	36164223	36170499	1	1	0	0	1	24
chr21	36931066	36970774	2	2	0	0	1	43
chr21	42710195	42720792	1	1	0	0	2	14
chr22	11707424	11714673	1	1	1	0	2	46
chr22	11825548	11832760	1	1	1	0	1	19
chr22	11832916	11834727	1	1	1	0	2	36
chr22	12159593	12166829	2	2	1	0	2	29
chr22	17404606	17504673	2	2	0	0	4	46
chr22	17593021	17609701	2	2	0	0	1	46
chr22	18098605	18142489	2	4	0	0	1	27
chr22	18173843	18176771	1	1	1	0	2	28
chr22	18344680	18344911	1	1	1	0	1	32
chr22	18345254	18345334	1	1	1	0	1	8
chr22	18345449	18345752	1	1	1	0	5	43
chr22	18516648	18516951	2	2	1	0	4	31
chr22	18517066	18517146	2	2	1	0	1	8
chr22	18517490	18517721	2	2	1	0	1	32
chr22	18773969	18774272	2	2	1	0	5	43
chr22	18774387	18774467	2	2	1	0	1	8
chr22	18774810	18775041	2	2	1	0	1	32
chr22	18892928	18896693	1	1	0	0	3	40
chr22	18894394	18896693	1	1	0	0	3	40
chr22	21088455	21137537	2	2	0	0	1	16
chr22	21106246	21115928	1	1	1	0	6	6
chr22	21117259	21118203	1	1	1	0	3	44
chr22	21118950	21119668	1	1	1	0	1	46
chr22	21118950	21121930	1	1	1	0	6	46
chr22	21118950	21121938	1	1	1	0	1	7
chr22	21288585	21291565	2	2	1	0	6	46
chr22	21290847	21291565	2	2	1	0	1	46
chr22	21292312	21293256	2	2	1	0	3	44
chr22	21358993	21543044	0	0	0	0	35	45
chr22	21391720	21428465	1	1	0	0	1	39
chr22	21417561	21442758	1	1	1	0	2	8
chr22	21430430	21430781	2	2	0	0	1	41
chr22	21487673	21491993	2	2	0	0	2	16
chr22	21488382	21491993	2	2	1	0	1	42
chr22	21492095	21517324	2	2	1	0	2	8
chr22	21504098	21504449	1	1	0	0	1	41
chr22	23967023	23967385	1	1	1	0	367	46
chr22	23967425	23967496	2	2	0	0	1	38
chr22	23967562	23968143	1	1	0	0	2	43
chr22	23971624	23973104	2	2	1	0	1	12
chr22	23971624	23973553	2	2	0	0	1	15
chr22	23971624	23973767	2	2	1	0	301	47
chr22	23971624	23974306	2	2	0	0	5	42
chr22	23973186	23973767	2	2	0	0	2	43
chr22	23973344	23973767	2	2	1	0	2	43
chr22	23973348	23973767	2	2	1	0	1	8
chr22	23973944	23974306	2	2	1	0	367	46
chr22	24796737	24818204	2	4	0	0	2	27
chr22	29586208	29771481	2	2	0	0	3	31
chr22	29688966	29732522	1	1	0	0	1	44
chr22	31358537	31364692	1	1	0	0	1	46
chr22	31363047	31364753	0	0	0	0	3	45
chr22	31745300	31756843	2	2	0	0	1	43
chr22	31745307	31756850	1	3	0	0	1	44
chr22	32228478	32265775	1	1	0	0	1	33
chr22	36122620	36170778	0	0	0	0	3	47
chr22	37574303	37611938	1	1	0	0	1	16
chr22	38130899	38171718	1	3	0	0	1	12
chr22	38478328	38588400	2	2	0	0	3	37
chr22	38577392	38646494	2	2	0	0	9	46
chr22	40145150	40154744	1	1	0	0	1	32
chr22	40945374	40978934	1	3	0	0	1	27
chr22	43029099	43059229	1	1	0	0	1	36
chr22	44769066	44800336	2	2	0	0	1	41
chr22	46190973	46236030	2	2	0	0	1	44
chr22	50515479	50543140	2	2	0	0	1	45
chrX	521606	557700	2	2	0	0	1	31
chrX	764707	782477	2	2	0	0	4	39
chrX	1241512	1279137	1	1	0	0	1	25
chrX	1272933	1273694	2	4	0	0	2	30
chrX	1840845	1858192	1	3	0	0	1	45
chrX	1845086	1933967	1	1	0	0	3	38
chrX	2326305	2374520	2	2	0	0	1	36
chrX	7843306	7843497	1	1	1	0	3	23
chrX	7843753	7843812	1	1	1	0	1	12
chrX	7843873	7843992	1	1	1	0	1	40
chrX	8170350	8170541	2	2	1	0	3	23
chrX	9884979	9899012	1	1	0	0	2	38
chrX	13896085	13935445	1	1	0	0	1	42
chrX	15785985	15791583	2	2	0	0	1	29
chrX	17319367	17342708	2	2	0	0	1	34
chrX	18324094	18324906	2	2	1	0	1	22
chrX	23426573	23456830	1	1	0	0	1	28
chrX	46395526	46395574	2	2	0	0	1	35
chrX	47392125	47439476	1	1	0	0	1	28
chrX	48263918	48266286	1	1	1	0	2	27
chrX	48519803	48577887	2	4	0	0	2	21
chrX	48577110	48577464	1	1	1	0	1	24
chrX	49603794	49605992	1	1	1	0	1	34
chrX	51491750	51495950	2	2	1	0	1	9
chrX	51840663	51871500	2	2	0	0	2	41
chrX	51897887	51898113	1	1	1	0	1	18
chrX	51898194	51898284	1	1	1	0	1	6
chrX	51898328	51898580	1	1	1	0	2	41
chrX	52062039	52062233	2	2	1	0	1	6
chrX	52191862	52192056	1	1	1	0	1	6
chrX	52495910	52497315	1	1	1	0	3	36
chrX	52497458	52497984	1	1	1	0	22	43
chrX	52497474	52497984	1	1	1	0	1	25
chrX	52498112	52500701	1	1	1	0	31	42
chrX	52512188	52514777	2	2	1	0	31	42
chrX	52514905	52515415	2	2	1	0	1	25
chrX	52514905	52515431	2	2	1	0	22	43
chrX	52515574	52516979	2	2	1	0	3	36
chrX	52908839	52909140	1	1	0	0	1	36
chrX	52946674	52946975	2	2	0	0	1	36
chrX	53504882	53579756	0	0	0	0	3	45
chrX	53579762	53722280	0	0	0	0	3	45
chrX	54131527	54137040	2	2	0	0	1	38
chrX	54308423	54319008	2	2	0	0	3	41
chrX	54373774	54408835	2	2	0	0	1	34
chrX	63223892	63238992	2	2	1	0	1	25
chrX	64369549	64410057	1	1	0	0	1	40
chrX	66138214	66177060	2	2	0	0	1	30
chrX	66926215	66933889	2	2	0	0	1	44
chrX	66926215	66961477	2	2	0	0	1	44
chrX	67824202	67848332	2	2	0	0	1	16
chrX	71134015	71312561	1	1	0	0	3	39
chrX	71140223	71260162	1	3	0	0	12	45
chrX	71260182	71405512	1	3	0	0	5	37
chrX	71287611	71319725	2	2	0	0	1	41
chrX	71345802	71349555	2	2	0	0	1	13
chrX	71643807	71684170	2	4	0	0	1	26
chrX	72936028	72936600	2	2	1	0	2	29
chrX	73302913	73329815	1	1	0	0	1	35
chrX	75835978	75927901	2	2	0	0	4	46
chrX	76946037	76981531	1	1	0	0	2	41
chrX	77203428	77206535	1	1	0	0	1	45
chrX	77994297	78000895	2	2	0	0	1	15
chrX	80941124	81031400	1	1	0	0	3	43
chrX	83383079	83413148	2	2	0	0	1	22
chrX	101615468	101616671	2	2	0	0	6	46
chrX	101615761	101616671	2	2	1	0	10	42
chrX	102318585	102318740	1	1	1	0	3	33
chrX	102319058	102319236	1	1	1	0	3	23
chrX	102322071	102322208	1	1	1	0	1	5
chrX	102322325	102322419	1	1	1	0	1	7
chrX	102326324	102326469	1	1	1	0	3	34
chrX	102360646	102360791	2	2	1	0	3	34
chrX	102364696	102364790	2	2	1	0	1	7
chrX	102364907	102365044	2	2	1	0	1	5
chrX	102367879	102368057	2	2	1	0	3	23
chrX	102368375	102368530	2	2	1	0	3	33
chrX	103213319	103216148	1	1	0	0	3	26
chrX	103215765	103216148	1	1	1	0	9	28
chrX	103309982	103310357	2	2	1	0	11	47
chrX	103310434	103310859	2	2	1	0	3	22
chrX	103962724	103964505	1	1	1	0	21	45
chrX	103964295	103964505	1	1	1	0	4	43
chrX	103964623	103965538	1	1	1	0	16	26
chrX	103976302	103976724	1	1	1	0	1	3
chrX	104060850	104061682	2	4	1	0	9	46
chrX	104061879	104062078	2	2	1	0	4	46
chrX	104062138	104062560	2	2	1	0	1	3
chrX	104073325	104074240	2	2	1	0	16	26
chrX	104074358	104076139	2	2	1	0	21	45
chrX	119382275	119459696	2	4	0	0	2	27
chrX	119487587	119487705	2	2	0	0	1	46
chrX	119767886	119808043	2	4	0	0	1	45
chrX	131157508	131250789	1	1	0	0	2	26
chrX	135032912	135033092	1	3	0	0	1	33
chrX	135051369	135051916	2	2	1	0	22	31
chrX	135120673	135123240	1	1	1	0	1	22
chrX	135249302	135251865	2	2	1	0	1	22
chrX	135812232	135813453	2	2	1	0	1	47
chrX	135846750	135847971	2	2	1	0	1	47
chrX	135864029	135865250	2	2	1	0	1	47
chrX	135881316	135882535	2	2	1	0	1	47
chrX	141583960	141584606	2	2	1	0	1	45
chrX	149545501	149545601	1	1	1	0	4	30
chrX	149545884	149546738	1	1	1	0	24	47
chrX	149546918	149549415	1	1	1	0	5	42
chrX	149547076	149547153	0	0	0	0	3	34
chrX	149915922	149923563	1	1	0	0	1	44
chrX	149930082	149932588	2	2	1	0	6	44
chrX	149932346	149932433	0	0	0	0	6	38
chrX	149932768	149933621	2	2	1	0	24	47
chrX	149933904	149934004	2	2	1	0	4	30
chrX	154000694	154087205	2	2	0	0	2	26
chrX	154556377	154586525	1	1	0	0	1	31
chrX	154563702	154563958	1	1	1	0	1	43
chrX	154564021	154564318	1	1	1	0	1	4
chrX	154617900	154648061	2	2	0	0	1	31
chrX	154640119	154640416	2	2	1	0	1	4
chrX	154640479	154640735	2	2	1	0	1	43
chrX	154652268	154652496	2	2	1	0	7	31
chrX	155348891	155349581	1	1	1	0	8	45
chrX	155480369	155485288	2	6	0	0	2	30
chrX	155491667	155492356	2	2	1	0	8	45
chrX	155492496	155506897	2	2	1	0	4	44
chrY	521606	557700	2	2	0	0	1	31
chrY	764707	782477	2	2	0	0	4	39
chrY	1241512	1279137	1	1	0	0	1	25
chrY	1272933	1273694	2	4	0	0	2	30
chrY	1840845	1858192	1	3	0	0	1	45
chrY	1845086	1933967	1	1	0	0	3	38
chrY	2326305	2374520	2	2	0	0	1	36
chrY	17317315	17323688	2	2	0	0	1	43
chrY	22102370	22102884	2	2	1	0	1	3
chrY	22483522	22484036	1	1	1	0	1	3
MU273365.1	9709	56833	1	1	0	0	1	46
ML143376.1	202444	225464	1	1	0	0	1	46
ML143376.1	202444	246578	1	1	0	0	1	46
MU273366.1	274920	315738	2	2	0	0	1	44
MU273366.1	387245	430029	2	4	0	0	1	43
MU273333.1	665322	665982	2	2	1	0	2	26
MU273333.1	683650	683773	1	1	1	0	1	27
MU273333.1	886578	886701	2	2	1	0	5	31
MU273333.1	974680	974803	2	2	1	0	1	27
MU273333.1	1179833	1180493	1	1	1	0	2	26
KZ208920.1	445447	446220	2	2	0	0	1	23
KZ208920.1	446252	446356	2	2	1	0	1	31
MU273347.1	87411	122261	1	1	0	0	2	16
KN196474.1	57193	104338	1	1	0	0	1	46
ML143360.1	119812	133414	2	2	0	0	1	25
KZ559109.1	75552	82975	2	2	0	0	1	39
ML143359.1	141465	141624	1	1	0	0	1	42
MU273342.1	88635	92761	1	1	1	0	6	33
MU273342.1	92877	93041	1	1	1	0	15	44
MU273342.1	92888	93048	2	2	0	0	1	17
MU273342.1	93216	97584	1	1	1	0	1	15
MU273342.1	97692	99157	1	1	1	0	1	26
MU273342.1	154465	154558	1	1	1	0	3	18
MU273342.1	154632	156295	1	1	1	0	1	29
MU273342.1	156325	156418	1	1	1	0	1	29
MU273342.1	158332	192049	1	1	0	0	1	21
MU273342.1	161925	162026	1	1	1	0	2	9
MU273342.1	162100	163784	1	1	1	0	2	12
MU273342.1	163814	163915	1	1	1	0	3	9
MU273342.1	163989	165675	1	1	1	0	4	12
MU273342.1	165705	188239	1	1	0	0	1	29
MU273342.1	176929	177018	1	1	1	0	1	9
MU273342.1	177092	178765	1	1	1	0	1	12
MU273342.1	180834	182508	1	1	1	0	2	11
MU273342.1	182538	182631	1	1	1	0	1	29
MU273342.1	184571	186243	1	1	1	0	1	29
MU273342.1	186273	186366	1	1	1	0	1	6
MU273342.1	188146	188239	1	1	1	0	2	9
MU273342.1	188313	189998	1	1	1	0	15	29
MU273342.1	190028	190122	1	1	1	0	10	30
MU273342.1	190196	191635	1	1	0	0	1	37
MU273342.1	190196	191874	1	1	1	0	17	29
MU273342.1	191904	191997	1	1	1	0	34	38
MU273342.1	192071	193747	1	1	1	0	12	29
MU273342.1	193777	193871	1	1	1	0	3	10
MU273342.1	193945	199503	1	1	1	0	23	47
MU273342.1	193945	199506	1	1	1	0	19	45
MU273342.1	199578	208427	1	1	1	0	50	46
MU273342.1	199578	215963	1	1	0	0	1	40
MU273342.1	208570	209822	1	1	0	0	4	37
MU273342.1	208570	215963	1	1	1	0	71	44
MU273342.1	209900	215963	1	1	0	0	2	42
MU273342.1	216178	218543	1	1	1	0	12	15
MU273342.1	218466	218543	1	1	0	0	1	22
MU273342.1	218728	219854	1	1	1	0	4	33
MU273342.1	220198	223878	0	0	0	0	3	47
MU273342.1	220339	220559	1	1	0	0	1	45
MU273342.1	220770	222173	1	1	1	0	9	34
MU273342.1	222327	223841	1	1	1	0	6	37
MU273342.1	222327	239026	1	1	0	0	1	37
MU273342.1	223913	224249	1	1	1	0	9	43
MU273342.1	224344	224841	1	1	1	0	2	30
MU273342.1	258859	259398	1	3	1	0	4	43
MU273342.1	258863	259387	1	3	1	0	1	15
MU273342.1	258863	259398	1	3	1	0	1	29
MU273342.1	259484	259575	1	1	1	0	9	45
MU273342.1	259706	260000	1	1	1	0	1	32
MU273342.1	259706	266237	1	1	1	0	6	39
MU273342.1	260222	266237	1	1	1	0	6	29
MU273342.1	397441	397735	2	2	0	0	1	32
MU273342.1	418887	435611	2	2	0	0	1	37
MU273342.1	433097	433594	2	2	1	0	2	30
MU273342.1	433689	434025	2	2	1	0	9	43
MU273342.1	433689	435611	2	2	1	0	1	24
MU273342.1	434097	435611	2	2	1	0	6	37
MU273342.1	435765	437168	2	2	1	0	9	34
MU273342.1	437379	437599	2	2	0	0	1	45
MU273342.1	438084	439210	2	2	1	0	4	33
MU273342.1	439395	439472	2	2	0	0	1	22
MU273342.1	439395	441762	2	2	1	0	12	15
MU273342.1	441977	448031	2	2	0	0	1	46
MU273342.1	441977	449356	2	2	1	0	71	44
MU273342.1	441977	458341	2	2	0	0	1	40
MU273342.1	448104	449356	2	2	0	0	2	37
MU273342.1	449499	458341	2	2	1	0	41	46
MU273342.1	458413	462330	2	2	0	0	3	45
MU273342.1	458416	461970	2	2	0	0	1	41
MU273342.1	458416	462330	2	2	1	0	17	44
MU273342.1	462404	462498	2	2	1	0	1	10
MU273342.1	462528	464198	2	2	1	0	9	12
MU273342.1	464272	464365	2	2	1	0	33	30
MU273342.1	464395	466064	2	2	1	0	13	29
MU273342.1	466501	467941	2	2	0	0	1	37
MU273342.1	468015	468109	2	2	1	0	10	30
MU273342.1	468139	469820	2	2	1	0	15	29
MU273342.1	469894	469987	2	2	1	0	4	29
MU273342.1	470017	471696	2	2	1	0	2	29
MU273342.1	475646	477319	2	2	1	0	1	30
MU273342.1	477512	479198	2	2	1	0	1	6
MU273342.1	479272	479373	2	2	1	0	1	15
MU273342.1	481286	482967	2	2	1	0	1	21
MU273342.1	483041	483134	2	2	1	0	1	38
MU273342.1	483164	484829	2	2	1	0	1	5
MU273342.1	484903	484996	2	2	1	0	2	29
MU273342.1	485026	486695	2	2	1	0	1	29
MU273342.1	486769	486862	2	2	1	0	1	29
MU273342.1	486892	504936	2	2	1	0	1	9
MU273342.1	506600	510974	2	2	1	0	9	39
MU273342.1	511149	511314	2	2	1	0	16	44
MU273342.1	511430	515555	2	2	1	0	2	11
MU273374.1	732369	787767	1	1	0	0	2	33
MU273374.1	778369	779790	1	1	1	0	1	14
MU273374.1	778858	779761	1	1	1	0	1	30
MU273374.1	779941	787767	1	1	1	0	6	46
MU273374.1	923534	924573	2	2	0	0	1	47
MU273374.1	1004409	1004471	2	4	0	0	1	36
MU273374.1	1004680	1005060	2	2	1	0	3	42
MU273374.1	1061530	1062444	2	2	1	0	1	30
ML143371.1	3703883	3711349	2	2	0	0	2	43
ML143345.1	284482	299843	2	2	0	0	1	45
KQ458386.1	276782	319476	2	2	0	0	1	41
KV575244.1	252779	267855	1	3	0	0	1	36
KZ208912.1	227621	227771	1	1	0	0	3	44
KZ208912.1	397674	397824	2	2	0	0	3	44
KZ208915.1	864571	870237	1	1	1	0	1	16
KZ208915.1	866034	870237	1	1	0	0	1	30
KZ208915.1	1220228	1225915	2	2	1	0	1	16
KZ208915.1	1231447	1232223	2	2	1	0	1	47
KV880768.1	1642356	1642980	1	1	0	0	1	40
GL383546.1	170576	255250	2	2	0	0	5	43
KI270905.1	2371047	2371227	1	1	1	0	1	35
KI270905.1	2578867	2670784	1	1	0	0	3	39
KI270905.1	2668257	2671738	2	2	1	0	2	32
KI270850.1	85749	239861	1	1	0	0	17	46
KI270850.1	85762	174424	2	2	0	0	13	47
KI270850.1	94402	94705	1	1	0	0	2	35
KI270850.1	117280	271406	1	1	0	0	15	37
KI270850.1	174412	239861	1	1	0	0	17	46
KI270850.1	262467	262770	2	2	0	0	2	35
KI270850.1	262562	264557	2	2	1	0	1	3
KI270850.1	266379	266473	2	2	1	0	1	43
KI270853.1	298969	299025	2	2	0	0	1	34
KI270853.1	299026	299153	2	2	0	0	5	24
KI270853.1	527479	528162	1	1	1	0	3	45
KI270853.1	529788	532616	1	1	1	0	1	47
KI270853.1	532762	533547	1	1	1	0	2	30
KI270853.1	534621	534800	1	1	1	0	1	27
KI270853.1	535987	536222	1	3	0	0	1	37
KI270853.1	537264	537357	1	1	1	0	3	5
KI270853.1	537786	539447	1	1	1	0	3	39
KI270853.1	538190	545571	2	2	0	0	1	46
KI270853.1	538190	550055	2	2	0	0	1	46
KI270853.1	538190	554539	2	2	0	0	1	46
KI270853.1	539565	550694	1	1	1	0	4	45
KI270853.1	550824	555176	1	1	1	0	12	41
KI270853.1	555306	558925	1	1	1	0	1	17
KI270853.1	559334	562296	1	1	1	0	1	38
KI270853.1	564195	564984	1	1	1	0	1	44
KI270853.1	680845	681345	1	1	0	0	1	31
KI270853.1	687283	698273	2	2	0	0	1	26
KI270853.1	717653	717780	1	1	0	0	6	24
KI270853.1	717653	717906	1	1	0	0	6	25
KI270853.1	717653	1021804	1	1	0	0	6	25
KI270853.1	718118	718910	2	2	1	0	2	42
KI270853.1	718118	719476	2	2	1	0	3	36
KI270853.1	719513	719621	2	2	1	0	3	19
KI270853.1	727927	732086	2	2	1	0	5	29
KI270853.1	727927	734339	2	2	0	0	4	46
KI270853.1	732173	734339	2	2	1	0	3	36
KI270853.1	734390	734460	2	2	0	0	1	16
KI270853.1	734578	736243	2	2	1	0	8	39
KI270853.1	734578	736460	2	2	0	0	1	36
KI270853.1	736371	736460	2	2	1	0	2	22
KI270853.1	736672	736765	2	2	1	0	3	5
KI270853.1	737814	738049	2	4	0	0	1	37
KI270853.1	739235	739414	2	2	1	0	1	27
KI270853.1	740487	741237	2	2	1	0	2	30
KI270853.1	741383	744227	2	2	1	0	1	47
KI270853.1	745855	746948	2	2	1	0	1	5
KI270853.1	753515	753782	2	2	1	0	2	20
KI270853.1	753855	753975	2	2	1	0	3	40
KI270853.1	754048	759678	2	2	1	0	10	42
KI270853.1	791169	791225	2	2	0	0	2	34
KI270853.1	810737	821740	1	1	0	0	1	26
KI270853.1	814324	837099	1	1	1	0	1	4
KI270853.1	827680	828180	2	2	0	0	1	31
KI270853.1	1021706	1031653	1	1	0	0	2	21
KI270853.1	1021728	1021797	2	2	0	0	1	43
KI270853.1	1021805	1021861	1	1	0	0	2	43
KI270853.1	1022016	1023374	2	2	1	0	10	36
KI270853.1	1023411	1023519	2	2	1	0	5	19
KI270853.1	1023581	1024598	2	2	1	0	1	11
KI270853.1	1024707	1027656	2	2	1	0	2	10
KI270853.1	1027802	1027964	2	2	1	0	1	7
KI270853.1	1083968	1096107	1	3	0	0	1	26
GL000258.2	563209	614751	1	1	1	0	1	43
GL000258.2	1160870	1608259	1	3	0	0	4	47
GL000258.2	1200794	1242906	2	2	0	0	1	23
KI270908.1	324166	332027	1	1	1	0	1	36
KI270908.1	874338	925840	2	2	1	0	1	43
KI270857.1	757846	816715	1	1	0	0	2	24
KI270857.1	1857680	1860961	2	4	0	0	1	27
KI270857.1	1857699	1859605	2	2	0	0	1	16
GL383573.1	360176	363394	1	3	0	0	1	23
GL383574.1	23822	119544	2	2	0	0	3	46
GL383575.2	89180	105206	2	2	1	0	2	39
KQ458383.1	101448	149358	1	1	0	0	2	35
KZ208904.1	46491	70799	2	2	0	0	2	38
KI270879.1	203386	203748	1	1	1	0	367	46
KI270879.1	203788	203859	2	2	0	0	1	38
KI270879.1	203925	204506	1	1	0	0	2	43
KI270879.1	207988	209468	2	2	1	0	1	12
KI270879.1	207988	209917	2	2	0	0	1	15
KI270879.1	207988	210131	2	2	1	0	301	47
KI270879.1	207988	210670	2	2	0	0	5	42
KI270879.1	209550	210131	2	2	0	0	2	43
KI270879.1	209708	210131	2	2	1	0	2	43
KI270879.1	209712	210131	2	2	1	0	1	8
KI270879.1	210308	210670	2	2	1	0	368	46
MU273339.1	143158	204827	1	1	0	0	2	14
MU273340.1	269622	269878	2	2	1	0	1	15
KI270897.1	141264	145735	1	1	1	0	8	45
KI270897.1	330327	331162	2	2	0	0	1	31
KI270897.1	492452	549186	2	2	0	0	11	46
KI270897.1	492452	651350	2	2	0	0	11	46
KI270897.1	493790	523803	2	2	0	0	1	41
KI270897.1	665696	668305	2	2	1	0	6	12
KI270897.1	723423	727896	2	2	1	0	1	27
KI270897.1	723423	748326	2	2	1	0	8	45
GL339449.2	343352	373290	1	1	0	0	1	16
GL339449.2	348139	349080	1	1	1	0	11	37
GL339449.2	349147	375191	0	0	0	0	3	36
GL339449.2	350003	350675	1	1	1	0	3	26
GL339449.2	350727	351101	1	1	1	0	1	24
GL339449.2	351157	355387	1	1	1	0	2	7
GL339449.2	351157	375153	1	1	1	0	4	43
GL339449.2	355494	361685	1	1	1	0	17	39
GL339449.2	361777	361994	1	1	1	0	14	44
GL339449.2	362083	362730	1	1	1	0	26	47
GL339449.2	362839	365337	1	1	1	0	32	46
GL339449.2	362839	368557	1	1	0	0	1	14
GL339449.2	365402	368557	1	1	1	0	37	47
GL339449.2	368662	369217	1	1	1	0	50	47
GL339449.2	369321	371899	1	1	0	0	1	20
GL339449.2	369321	373290	1	1	1	0	102	40
GL339449.2	371924	373290	1	1	0	0	1	24
GL339449.2	373331	375041	1	1	1	0	77	42
GL339449.2	374532	375041	1	1	0	0	1	18
GL339449.2	378742	382713	1	1	0	0	1	41
GL339449.2	413423	441933	1	1	0	0	1	17
GL339449.2	486871	936785	2	2	0	0	5	46
GL339449.2	486871	1055931	2	2	0	0	5	46
GL339449.2	876885	878349	1	1	1	0	3	4
GL339449.2	958431	962389	2	2	0	0	1	41
GL339449.2	965939	991947	0	0	0	0	3	39
GL339449.2	966092	966601	2	2	0	0	1	18
GL339449.2	966092	967802	2	2	1	0	75	42
GL339449.2	967843	969214	2	2	0	0	1	24
GL339449.2	967843	971777	2	2	1	0	100	40
GL339449.2	967843	997739	2	2	0	0	1	16
GL339449.2	969239	971777	2	2	0	0	1	20
GL339449.2	971881	972436	2	2	1	0	50	47
GL339449.2	972541	975701	2	2	1	0	37	47
GL339449.2	972541	978266	2	2	0	0	1	14
GL339449.2	975766	978266	2	2	1	0	32	46
GL339449.2	978375	979022	2	2	1	0	26	47
GL339449.2	979111	979328	2	2	1	0	7	44
GL339449.2	979420	985595	2	2	1	0	19	39
GL339449.2	985702	989940	2	2	1	0	2	13
GL339449.2	989996	990370	2	2	1	0	6	30
GL339449.2	990422	991094	2	2	1	0	3	26
GL339449.2	992017	992958	2	2	1	0	11	37
GL339449.2	1031928	1052552	2	2	0	0	1	17
KI270795.1	93756	101223	2	2	0	0	56	46
KI270898.1	89128	98149	2	2	0	0	56	46
GL000250.2	3472009	3489966	2	2	0	0	1	16
GL000251.2	3577745	3595709	2	2	0	0	1	16
GL000254.2	3481427	3499385	2	2	0	0	1	16
GL000256.2	3455615	3473571	2	2	0	0	1	16
KI270810.1	160409	209429	2	2	0	0	1	42
MU273395.1	313954	315745	1	1	1	0	1	19
MU273395.1	315812	315891	1	1	1	0	1	9
MU273395.1	382878	382957	2	2	1	0	1	9
MU273395.1	383024	384808	2	2	1	0	1	19
KI270728.1	1695964	1697113	1	1	1	0	1	13
KI270728.1	1863418	1864561	2	2	1	0	2	22
KI270728.1	1869506	1870512	2	2	1	0	2	46
KI270743.1	69018	70438	1	1	1	0	2	40
KI270743.1	206108	207517	2	2	1	0	2	41
