chr1	1396859	1397853	2	2	0	0	1	23
chr1	1416838	1450113	1	1	0	0	1	40
chr1	1904934	2014029	2	2	0	0	7	41
chr1	6162322	6195072	1	1	0	0	1	40
chr1	6415824	6534848	1	3	0	0	3	27
chr1	6522948	6807505	1	1	0	0	5	29
chr1	9674453	9769815	1	1	0	0	2	39
chr1	9953140	9980815	2	2	0	0	1	43
chr1	10360006	10380678	2	4	0	0	1	27
chr1	10360467	10391461	2	2	0	0	5	43
chr1	15790326	15792836	2	2	1	0	2	16
chr1	16373552	16414865	2	4	0	0	1	22
chr1	16429557	16453570	2	2	0	0	6	42
chr1	16520788	16521563	1	1	1	0	2	10
chr1	16668975	16669663	1	1	1	0	8	20
chr1	16737801	16738489	2	2	1	0	8	20
chr1	16888783	16889547	2	2	1	0	2	10
chr1	17007672	17054781	2	2	0	0	1	18
chr1	17506349	17518594	2	2	0	0	1	35
chr1	17514069	17518594	2	2	0	0	1	35
chr1	19614595	19622099	1	1	1	0	4	18
chr1	19669867	19812387	2	2	0	0	3	33
chr1	19810115	19812387	2	2	0	0	3	33
chr1	22926311	22932214	2	2	0	1	0	21
chr1	23158436	23247139	1	1	0	0	2	13
chr1	23888734	23981248	1	3	0	0	5	30
chr1	23991488	24076601	2	2	0	0	2	41
chr1	25185253	25196654	1	1	0	0	1	47
chr1	25321963	25328897	1	1	1	0	3	42
chr1	25362554	25370466	2	2	1	0	4	47
chr1	25370541	25375348	2	2	1	0	1	18
chr1	26423808	26460918	1	3	0	0	1	13
chr1	26428588	26429095	1	3	1	0	1	21
chr1	28198543	28231987	2	2	0	0	1	46
chr1	28218141	28223981	1	3	0	0	1	28
chr1	28245643	28246588	1	3	0	0	2	26
chr1	28270951	28275523	1	1	0	0	3	37
chr1	28305794	28392637	2	2	0	0	5	39
chr1	28312698	28352208	2	2	0	0	1	24
chr1	28328503	28509336	1	1	0	0	18	20
chr1	28637452	28762177	1	1	0	0	10	41
chr1	28673488	28717420	2	2	0	0	1	35
chr1	29137183	29298044	1	1	0	0	3	33
chr1	29274082	29287665	1	1	0	0	1	33
chr1	31884309	31891721	1	1	0	0	1	44
chr1	32037311	32040274	1	1	0	0	1	33
chr1	32116263	32169541	1	1	0	0	2	45
chr1	32137294	32137941	2	4	0	0	1	42
chr1	32231191	32231394	1	3	0	0	1	40
chr1	32777260	33087363	2	2	0	0	5	41
chr1	34990910	35021185	1	1	0	0	1	22
chr1	36035802	36079708	1	3	0	0	2	47
chr1	36079709	36129185	1	1	0	0	1	42
chr1	36182218	36185170	1	1	0	0	3	19
chr1	39029878	39055511	1	1	0	0	1	39
chr1	39513130	39519740	0	0	0	0	3	36
chr1	39522544	39529054	2	2	1	0	3	4
chr1	39766450	39773079	0	0	0	0	3	33
chr1	41105957	41106771	2	2	0	1	0	32
chr1	42277448	42277582	1	1	0	0	3	39
chr1	42432200	42441763	1	1	0	0	1	28
chr1	44552802	44607721	2	2	0	0	3	46
chr1	44794296	44804890	1	1	0	0	2	46
chr1	45641812	45642426	2	2	1	0	1	3
chr1	46104736	46105306	2	2	0	0	1	45
chr1	46372843	46374173	2	4	0	0	1	39
chr1	49120342	49261509	2	2	0	0	4	46
chr1	51206448	51212363	1	1	0	0	3	46
chr1	54099667	54100160	2	2	0	0	1	27
chr1	54690489	54699348	1	3	0	0	1	20
chr1	62051576	62068043	2	2	0	1	0	26
chr1	83170303	83184920	2	2	0	0	2	16
chr1	83170303	83266348	2	2	0	0	2	16
chr1	89046921	89047514	1	1	1	0	2	8
chr1	91824747	91835613	1	1	0	0	4	46
chr1	92175354	92222115	2	2	0	0	1	19
chr1	92499482	92499633	2	4	0	0	1	27
chr1	92651637	92675741	1	1	0	0	2	34
chr1	96243955	96268867	1	3	0	0	1	30
chr1	103573261	103573707	1	1	1	0	2	45
chr1	103577609	103577719	1	1	1	0	4	45
chr1	103577846	103579310	1	1	1	0	5	5
chr1	103662776	103662885	1	1	1	0	4	45
chr1	103687639	103688957	2	2	1	0	5	5
chr1	103689084	103689193	2	2	1	0	4	45
chr1	108415497	108484496	1	1	0	0	2	17
chr1	108798647	108817737	2	2	0	0	5	46
chr1	108798647	109055351	2	2	0	0	5	46
chr1	109010860	109202397	1	3	0	0	3	23
chr1	113063190	113070827	2	2	0	0	1	18
chr1	114779055	114779141	2	2	1	0	1	14
chr1	120197318	120197892	1	1	1	0	1	11
chr1	120208717	120229121	2	2	0	0	2	41
chr1	120256755	120258292	1	1	1	0	2	28
chr1	120258884	120341716	2	2	1	0	2	3
chr1	120277672	120277925	1	1	1	0	1	22
chr1	120319315	120319503	1	1	1	0	3	46
chr1	120578882	120579070	2	2	1	0	3	46
chr1	120620466	120620719	2	2	1	0	1	22
chr1	146986525	146987233	1	1	1	0	12	43
chr1	146989637	146991994	1	1	0	0	2	33
chr1	146991286	146991994	1	1	1	0	12	43
chr1	146992047	146992711	1	1	1	0	2	9
chr1	148024720	148025776	1	1	1	0	4	11
chr1	148531998	149107075	2	2	0	0	4	16
chr1	148772795	148776009	2	2	1	0	1	32
chr1	148827487	148915380	2	2	0	0	2	39
chr1	148889530	148889783	1	1	1	0	2	29
chr1	148905327	148922730	1	1	0	0	19	41
chr1	148929274	148931799	1	1	1	0	1	12
chr1	148931924	148932112	1	1	1	0	3	46
chr1	149054649	149107075	2	2	0	0	4	16
chr1	149190532	149197995	2	2	1	0	3	5
chr1	149198172	149198360	2	2	1	0	8	46
chr1	149198485	149201013	2	2	1	0	1	12
chr1	149201091	149240376	2	2	1	0	1	35
chr1	149240488	149240741	2	2	1	0	2	29
chr1	149320931	149321499	2	2	1	0	1	11
chr1	149354243	149357457	1	1	1	0	1	32
chr1	149833115	149834134	1	1	1	0	8	42
chr1	149833856	149834134	1	1	0	0	1	44
chr1	149833865	149834134	1	1	1	0	7	41
chr1	149836602	149837279	0	0	0	0	3	41
chr1	149856535	149857212	0	0	0	0	3	35
chr1	149859682	149859951	2	2	1	0	7	41
chr1	149859682	149859960	2	2	0	0	1	44
chr1	150608514	150618734	1	3	0	0	1	45
chr1	150950109	150959947	2	4	0	0	1	43
chr1	151076937	151100420	1	1	0	0	1	45
chr1	151896038	151973408	1	3	0	0	2	27
chr1	153459031	153506090	2	2	0	0	1	18
chr1	153842741	153896524	2	2	0	0	2	44
chr1	154090715	154103575	1	3	0	0	1	34
chr1	154205952	154281128	2	2	0	0	3	38
chr1	154252512	154281110	2	2	0	0	1	46
chr1	155042291	155106390	1	1	0	0	2	16
chr1	155221650	155239153	1	1	0	1	0	30
chr1	155308322	155340435	2	4	0	0	1	32
chr1	155414424	155449633	2	2	0	0	2	46
chr1	155578759	155593162	2	2	0	1	0	28
chr1	155814723	155842813	1	1	0	0	1	22
chr1	155986254	156016278	1	3	0	0	2	25
chr1	156379232	156383511	1	1	0	0	1	46
chr1	159408575	159458922	2	2	0	0	2	24
chr1	160261923	160281429	1	1	1	0	2	7
chr1	168576699	168580062	1	1	1	0	3	46
chr1	173861328	173861458	2	4	0	0	3	37
chr1	200092979	200099688	1	1	0	0	1	29
chr1	205768746	205769639	1	1	0	0	2	33
chr1	210659128	210888599	0	0	0	0	4	39
chr1	211256903	211286389	2	2	0	0	2	40
chr1	212168266	212168593	1	1	1	0	1	3
chr1	224074809	224098594	2	4	0	0	1	29
chr1	225960614	225988701	2	4	0	0	1	27
chr1	226053125	226057059	2	2	0	0	5	43
chr1	226898892	226936512	1	1	0	0	1	22
chr1	235211121	235249119	1	1	0	0	2	46
chr1	235964156	235969542	1	1	0	0	1	31
chr1	236180824	236182098	1	3	0	0	1	38
chr1	240088448	240097587	2	2	0	0	1	46
chr1	240088820	240097587	2	2	0	0	1	46
chr1	240478320	240510342	2	4	0	0	1	28
chr1	241954070	242113325	2	2	0	0	5	46
chr1	245303431	245470662	2	2	0	0	19	46
chr1	246685555	246810498	2	2	0	0	7	45
chr1	246854085	246862265	1	1	0	0	3	46
chr1	246854085	246938221	1	1	0	0	3	46
chr1	246854085	246940565	1	1	0	0	3	46
chr1	246929839	246938221	1	1	0	0	1	41
chr1	246929839	246940565	1	1	0	0	1	41
chr2	11607014	11641718	2	2	0	0	4	39
chr2	11607014	11752663	2	2	0	0	4	39
chr2	23961747	23973219	0	0	0	0	3	39
chr2	23995477	24086020	1	1	0	0	2	24
chr2	24395765	24445580	2	2	0	0	1	39
chr2	25053690	25120430	1	1	0	0	2	34
chr2	25288590	25427163	1	1	0	0	3	43
chr2	25909431	25953752	2	2	0	0	1	47
chr2	25919010	25942164	2	4	0	0	1	26
chr2	27222661	27223199	1	1	0	0	2	28
chr2	27539223	27556820	1	1	0	0	1	28
chr2	28410931	28441316	2	2	0	0	1	42
chr2	28690437	28691502	2	2	0	0	1	47
chr2	28872543	28909343	1	3	0	0	11	41
chr2	55210242	55226676	1	3	0	0	1	25
chr2	61323346	61512877	2	2	0	0	3	35
chr2	65111891	65131819	2	4	0	0	2	33
chr2	73817386	73906325	2	2	0	0	3	16
chr2	73834086	73906325	2	2	0	0	3	16
chr2	84899003	84934219	2	2	0	0	1	43
chr2	85072595	85102953	2	2	0	0	1	43
chr2	86720810	86740926	1	1	1	0	2	34
chr2	87055801	87075918	2	2	1	0	1	9
chr2	95412677	95421497	1	1	0	0	2	32
chr2	95416364	95416486	2	2	0	0	3	37
chr2	95420666	95421497	1	1	1	0	3	3
chr2	95655228	95656065	2	2	1	0	3	3
chr2	95660240	95660362	1	1	0	0	3	37
chr2	97113937	97118063	1	1	1	0	2	6
chr2	97118179	97118343	1	1	1	0	12	42
chr2	97118518	97122886	1	1	1	0	3	26
chr2	97179934	97181597	1	1	1	0	1	6
chr2	97181627	97181720	1	1	1	0	1	29
chr2	97181794	97183458	1	1	1	0	1	12
chr2	97183655	97185315	1	1	1	0	1	4
chr2	97185345	97185437	1	1	1	0	1	29
chr2	97187227	97187328	1	1	1	0	3	9
chr2	97187402	97189086	1	1	1	0	3	12
chr2	97189116	97189217	1	1	1	0	1	9
chr2	97211742	97213418	1	1	1	0	5	23
chr2	97213448	97213541	1	1	1	0	6	29
chr2	97213615	97215300	1	1	1	0	4	29
chr2	97215330	97215424	1	1	1	0	3	29
chr2	97215498	97217176	1	1	1	0	10	29
chr2	97217206	97217299	1	1	1	0	12	38
chr2	97217373	97219049	1	1	1	0	4	19
chr2	97219079	97219173	1	1	1	0	3	10
chr2	97219079	97224805	1	1	0	0	4	30
chr2	97219247	97224805	1	1	1	0	19	45
chr2	97219247	97224808	1	1	1	0	5	44
chr2	97224880	97233729	1	1	1	0	29	42
chr2	97233872	97235124	1	1	0	0	1	42
chr2	97233872	97241265	1	1	1	0	63	44
chr2	97235202	97241265	1	1	0	0	4	41
chr2	97241480	97243845	1	1	1	0	9	14
chr2	97244030	97245156	1	1	1	0	3	36
chr2	97247629	97249143	1	1	1	0	14	45
chr2	97249215	97249551	1	1	1	0	2	31
chr2	97249646	97250143	1	1	1	0	2	28
chr2	97259732	97291592	0	0	0	0	3	45
chr2	97277991	97278575	1	1	0	0	1	32
chr2	97284165	97284700	1	3	1	0	2	11
chr2	97284786	97284877	1	1	1	0	6	28
chr2	97285008	97285302	1	1	1	0	3	33
chr2	97285008	97291539	1	1	1	0	7	21
chr2	97416346	97497469	0	0	0	0	3	42
chr2	97416406	97422954	2	2	1	0	7	21
chr2	97422660	97422954	2	2	1	0	3	33
chr2	97423085	97423176	2	2	1	0	6	28
chr2	97423262	97423797	2	4	1	0	2	11
chr2	97507066	97507563	2	2	1	0	2	28
chr2	97507658	97507994	2	2	1	0	2	31
chr2	97508066	97509580	2	2	1	0	14	45
chr2	97512053	97513179	2	2	1	0	3	36
chr2	97513364	97515731	2	2	1	0	9	14
chr2	97515946	97521995	2	2	0	0	1	41
chr2	97515946	97523325	2	2	1	0	63	44
chr2	97515946	97536299	2	2	0	0	1	45
chr2	97522073	97523325	2	2	0	0	1	42
chr2	97523468	97532310	2	2	1	0	26	42
chr2	97532385	97536299	2	2	1	0	7	20
chr2	97538241	97538334	2	2	1	0	11	29
chr2	97538364	97540033	2	2	1	0	7	29
chr2	97540230	97541910	2	2	1	0	1	12
chr2	97541984	97542078	2	2	1	0	4	29
chr2	97542108	97543789	2	2	1	0	4	29
chr2	97543863	97543956	2	2	1	0	6	29
chr2	97543986	97545665	2	2	1	0	5	23
chr2	97548276	97549418	2	2	0	0	1	22
chr2	97549615	97551288	2	2	1	0	1	20
chr2	97551481	97553167	2	2	1	0	1	12
chr2	97553241	97553342	2	2	1	0	1	9
chr2	97555133	97555225	2	2	1	0	3	29
chr2	97555255	97556936	2	2	1	0	3	9
chr2	97557010	97557103	2	2	1	0	5	38
chr2	97557133	97558798	2	2	1	0	4	29
chr2	97558872	97558965	2	2	1	0	1	29
chr2	97558995	97560664	2	2	1	0	1	6
chr2	97560861	97584943	2	2	1	0	1	12
chr2	97579044	97580461	2	2	1	0	3	19
chr2	97580569	97584943	2	2	1	0	6	34
chr2	97585118	97585283	2	2	1	0	12	42
chr2	97585399	97589524	2	2	1	0	1	6
chr2	100555954	100575383	2	2	0	0	1	23
chr2	105390228	105396646	2	2	1	0	1	3
chr2	109903413	109914410	1	1	1	0	1	14
chr2	109914478	109915951	1	1	1	0	1	26
chr2	109916073	109916506	1	1	1	0	2	8
chr2	109919644	109920253	1	1	1	0	3	22
chr2	109920347	109921639	1	1	1	0	3	32
chr2	109921689	109924347	1	1	1	0	11	44
chr2	109995715	109995754	1	1	0	0	2	25
chr2	109995755	109995994	1	1	0	0	1	24
chr2	109995755	109996114	1	1	0	0	4	43
chr2	109995795	109995874	1	1	0	0	3	20
chr2	109995795	109996114	1	1	0	0	4	43
chr2	109995835	109996034	1	1	0	0	3	34
chr2	109995955	109996114	1	1	0	0	4	43
chr2	109996075	109996114	1	1	0	0	4	43
chr2	110156482	110160126	2	2	1	0	2	5
chr2	110375276	110375475	2	2	0	0	7	40
chr2	110375276	110375555	2	2	0	0	7	40
chr2	110375276	110375595	2	2	0	0	7	40
chr2	110375276	110375635	2	2	0	0	7	40
chr2	110375396	110375715	2	2	0	0	1	24
chr2	110375516	110375795	2	2	0	0	2	20
chr2	110375596	110375715	2	2	0	0	1	25
chr2	110375596	110375795	2	2	0	0	2	20
chr2	110375636	110375715	2	2	0	0	1	25
chr2	110375636	110375795	2	2	0	0	2	20
chr2	110375676	110375715	2	2	0	0	2	29
chr2	110375676	110375795	2	2	0	0	2	20
chr2	110379311	110382703	2	2	1	0	8	31
chr2	110383335	110384314	2	4	1	0	1	24
chr2	110447161	110449818	2	2	1	0	13	44
chr2	110449868	110451160	2	2	1	0	3	32
chr2	110451254	110451863	2	2	1	0	3	22
chr2	110455001	110455434	2	2	1	0	2	8
chr2	110455556	110457029	2	2	1	0	1	26
chr2	110457097	110468094	2	2	1	0	1	14
chr2	111718375	111742166	2	2	0	0	2	21
chr2	134991087	135011322	1	1	0	0	1	23
chr2	149753839	149855069	2	4	0	0	6	44
chr2	150380536	150498371	1	3	0	0	3	27
chr2	153403955	153431277	1	1	0	0	1	45
chr2	154318466	154393818	2	4	0	0	2	21
chr2	178428027	178452047	2	2	0	0	2	33
chr2	197640502	197640646	1	1	1	0	1	44
chr2	200888034	200890335	1	1	0	0	1	22
chr2	200941980	201025089	1	1	0	0	4	23
chr2	202178122	202268457	2	2	0	0	2	45
chr2	202191200	202268457	2	2	0	0	2	45
chr2	203210150	203235193	1	1	0	0	1	21
chr2	203210150	203259669	1	1	0	0	1	21
chr2	203474893	203499503	2	2	0	0	3	21
chr2	206138173	206153277	2	2	0	0	1	32
chr2	207948910	208091465	2	2	0	0	3	33
chr2	214700491	214887732	1	1	0	0	4	46
chr2	223757341	223782199	1	1	0	0	1	37
chr2	232801009	232814018	1	1	0	0	1	24
chr3	9882780	9926264	2	2	0	0	1	46
chr3	10027835	10191224	1	1	0	0	3	44
chr3	13252965	13276320	2	2	0	0	1	22
chr3	20168731	20170395	2	4	0	0	1	39
chr3	20234702	20345659	1	1	1	0	1	5
chr3	32828553	32863726	1	3	0	0	1	27
chr3	33370200	33522855	1	1	0	0	3	39
chr3	40619304	40644864	2	2	0	0	1	33
chr3	45423364	45436745	1	1	0	0	1	25
chr3	47100780	47105178	1	3	0	0	2	29
chr3	47308622	47331663	2	2	0	0	5	46
chr3	47712168	47759872	1	1	0	0	2	32
chr3	47811232	47815962	1	1	0	0	1	42
chr3	47926947	47946435	2	2	0	0	1	43
chr3	48713764	48721167	2	4	0	0	1	27
chr3	48905151	48914691	2	2	0	0	1	38
chr3	48906751	48913902	2	2	0	0	5	46
chr3	49156921	49201038	1	3	0	0	1	27
chr3	49210929	49258855	2	2	0	0	3	46
chr3	49210929	49317784	2	2	0	0	3	46
chr3	49210929	49354270	2	2	0	0	3	46
chr3	49210929	49409020	2	2	0	0	3	46
chr3	49364559	49405155	1	3	0	0	1	22
chr3	49381511	49441603	1	1	0	0	8	38
chr3	50335661	50335947	1	1	0	0	2	27
chr3	51659338	51723441	2	2	0	0	3	31
chr3	52776609	52950665	1	1	0	0	5	39
chr3	57632273	57644556	2	4	0	0	1	30
chr3	57742453	57974578	0	0	0	0	4	44
chr3	63690000	63739286	2	2	0	0	2	45
chr3	129863721	129870597	1	3	0	0	1	40
chr3	131410937	131414218	2	2	0	0	1	24
chr3	131721628	131814836	2	2	0	0	2	40
chr3	138553265	138599855	1	1	0	0	1	46
chr3	141791773	141935854	1	1	0	0	3	37
chr3	142056201	142251221	2	2	0	0	3	37
chr3	158728755	158742570	2	2	0	0	1	41
chr3	159506571	159570247	1	1	0	0	3	31
chr3	160974792	161010935	1	1	0	0	1	28
chr3	161002758	161010935	1	1	0	0	1	28
chr3	169963815	169978182	1	1	0	0	1	24
chr3	181733973	181879023	1	1	0	0	4	42
chr3	183060629	183199676	1	1	0	0	5	43
chr3	184207994	184268749	2	2	0	0	2	45
chr3	185491193	185491236	0	0	0	0	3	31
chr3	185710669	185754144	1	1	0	0	1	31
chr3	186766351	186804118	1	1	0	0	1	19
chr3	195638807	195639532	1	1	1	0	2	45
chr3	195641678	195676691	2	2	0	0	2	28
chr3	195662734	195663623	1	1	1	0	2	33
chr3	195666215	195668518	1	1	1	0	1	21
chr3	195668642	195671131	1	1	1	0	4	42
chr3	195671301	195672483	1	1	1	0	1	13
chr3	195672680	195673817	1	1	1	0	1	27
chr3	195673988	195677726	1	1	1	0	2	10
chr3	195676514	195676638	1	1	0	0	3	35
chr3	195680966	195681189	1	1	0	0	1	31
chr3	195681302	195681535	1	1	1	0	4	31
chr3	195683866	195685817	1	1	1	0	8	44
chr3	195963422	195965428	2	2	1	0	3	11
chr3	195965543	195967513	2	2	1	0	3	12
chr3	195967645	195967878	2	2	1	0	4	31
chr3	195967991	195968214	2	2	1	0	1	30
chr3	195971445	195974396	2	2	1	0	2	10
chr3	195974567	195975704	2	2	1	0	3	27
chr3	195975901	195977082	2	2	1	0	1	13
chr3	195977252	195979743	2	2	1	0	4	42
chr3	195979867	195982161	2	2	1	0	1	21
chr3	195982311	195984111	2	2	1	0	1	36
chr3	195984738	195985626	2	2	1	0	2	33
chr3	196488412	196491575	1	1	0	0	1	43
chr4	440985	472587	1	1	0	0	1	17
chr4	456369	472574	2	2	0	0	1	40
chr4	472702	473980	2	2	1	0	6	37
chr4	2499337	2548116	1	3	0	0	1	28
chr4	6641259	6641729	1	1	1	0	1	7
chr4	17031325	17108239	1	1	0	0	6	44
chr4	39775725	39818521	2	4	0	0	1	18
chr4	40008920	40179931	0	0	0	0	3	46
chr4	40326592	40358927	2	4	0	0	1	27
chr4	40616921	40654734	1	3	0	0	1	26
chr4	40616932	40617547	1	1	0	0	2	38
chr4	49255190	49257493	1	1	1	0	3	27
chr4	52725923	52741847	1	3	0	0	1	26
chr4	55504070	55526733	1	1	0	0	1	31
chr4	56853850	56895738	1	1	0	0	2	19
chr4	56978120	56978436	1	1	0	0	1	32
chr4	70111476	70156944	1	1	0	0	1	31
chr4	80994522	81019529	1	1	0	0	1	30
chr4	94523876	94549793	1	1	1	0	3	8
chr4	99012467	99057056	1	1	0	0	1	39
chr4	139023776	139031990	1	3	0	0	2	31
chr4	143423557	143450749	1	3	0	0	4	28
chr4	143662724	143675039	2	2	0	0	2	46
chr4	151154228	151164674	1	1	0	1	0	30
chr4	165097478	165097927	0	0	0	0	3	39
chr4	183522484	183534117	2	2	1	0	5	7
chr4	188306383	188333383	1	3	0	0	1	28
chr4	188500783	188542702	2	2	0	0	1	46
chr5	16677632	16700449	1	1	0	0	1	35
chr5	16711569	16723169	1	1	0	0	6	46
chr5	17235495	17250836	2	2	0	0	2	44
chr5	24072118	24114402	1	1	0	0	1	41
chr5	34840123	35102773	2	2	0	0	6	40
chr5	41210199	41225933	2	2	0	0	7	43
chr5	43148352	43181540	2	4	0	0	1	28
chr5	45884726	45925248	1	1	0	0	1	20
chr5	54005649	54071756	1	1	0	0	2	39
chr5	55658390	55852407	1	1	0	0	3	43
chr5	62328448	62331555	0	0	0	0	3	30
chr5	65689043	65709609	2	2	0	0	2	41
chr5	65947930	65963520	2	2	0	0	1	42
chr5	69174624	69182599	2	2	0	0	1	37
chr5	69407797	69446273	2	2	0	0	2	45
chr5	69844914	69873663	1	1	1	0	1	12
chr5	69873698	69875163	1	1	1	0	1	34
chr5	69906730	69915991	2	2	1	0	1	3
chr5	69916256	69920731	1	1	1	0	1	44
chr5	69921245	69961394	1	1	1	0	1	7
chr5	69975853	69978463	1	1	1	0	2	18
chr5	70117200	70117707	2	2	0	0	1	45
chr5	70139721	70142330	2	2	1	0	2	18
chr5	70140361	70142330	2	2	1	0	1	16
chr5	70155499	70156684	2	4	1	0	5	11
chr5	70156781	70196877	2	2	1	0	1	7
chr5	70197391	70201867	2	2	1	0	1	44
chr5	70202132	70211410	1	1	1	0	1	3
chr5	70259038	70260503	2	2	1	0	1	34
chr5	70260538	70290075	2	2	1	0	1	12
chr5	70421358	70421736	1	1	1	0	1	21
chr5	70422924	70423298	1	1	1	0	1	31
chr5	70423330	70447529	2	2	0	0	3	32
chr5	70437595	70440755	1	1	1	0	1	9
chr5	70441519	70445482	1	1	1	0	138	40
chr5	70441519	70447233	1	1	1	0	2	15
chr5	70445523	70447233	1	1	1	0	117	41
chr5	70453551	70454040	1	1	0	0	1	39
chr5	70454400	70455022	1	3	0	0	2	38
chr5	70455313	70473571	2	2	1	0	8	5
chr5	70455313	70516307	2	2	1	0	7	3
chr5	70462360	70473447	1	1	1	0	2	3
chr5	70481539	70495023	2	2	1	0	1	35
chr5	70481539	70516307	2	2	1	0	1	35
chr5	70555374	70556839	2	2	1	0	1	34
chr5	70556874	70585618	2	2	1	0	1	12
chr5	70850925	70852087	1	1	1	0	4	25
chr5	70850925	70853535	1	1	1	0	1	18
chr5	70994806	71106197	1	1	0	0	3	23
chr5	71027833	71038428	2	2	0	0	2	12
chr5	71027996	71028623	2	4	0	0	2	38
chr5	71033013	71044740	0	0	0	0	4	30
chr5	71035185	71100995	2	2	0	0	2	19
chr5	71035501	71059713	1	1	0	0	3	32
chr5	71035685	71059689	2	2	1	0	1	5
chr5	71035797	71037506	2	2	1	0	121	41
chr5	71037547	71038428	2	2	0	0	6	40
chr5	71037547	71041521	2	2	1	0	138	40
chr5	71038482	71041521	2	2	0	0	9	40
chr5	71042285	71045443	2	2	1	0	1	13
chr5	71059745	71060119	2	2	1	0	1	31
chr5	71140035	71142644	2	2	1	0	1	18
chr5	75645131	75698599	2	4	0	0	3	33
chr5	76757538	76774108	1	1	0	0	2	18
chr5	78231117	78240861	2	2	1	0	1	3
chr5	80445955	80447202	1	1	0	0	1	18
chr5	81886819	81931205	2	4	0	0	2	32
chr5	130789614	130929642	2	2	0	0	3	22
chr5	134024116	134026487	2	4	0	0	1	27
chr5	134618103	134667435	1	1	0	0	5	41
chr5	139351862	139365563	1	1	0	0	1	41
chr5	139570436	139571314	1	1	0	0	1	43
chr5	140062937	140074651	2	4	0	0	1	27
chr5	141981825	142017392	2	4	0	0	1	27
chr5	142961260	142971950	1	1	0	0	1	35
chr5	152077931	152208393	1	3	0	0	3	34
chr5	167695957	167706937	2	2	0	0	1	45
chr5	173172779	173219169	2	2	0	0	1	38
chr5	174756813	174757306	1	1	0	0	1	32
chr5	177258772	177290644	1	1	0	0	3	20
chr5	177954592	177963613	2	2	0	0	72	46
chr5	178681287	178686402	2	2	0	0	2	44
chr5	178681287	178697236	2	2	0	0	2	44
chr5	179924269	180010016	1	1	0	0	3	27
chr5	179942982	180010032	1	1	0	0	2	26
chr5	179969866	180019258	2	2	0	0	1	35
chr5	179997561	180103309	2	2	0	0	4	29
chr5	181224813	181230743	1	1	1	0	1	9
chr5	181262374	181442831	0	0	0	0	10	47
chr5	181271642	181272916	1	1	1	0	1	33
chr6	3004260	3006467	1	1	1	0	2	5
chr6	4633779	4735059	1	1	0	0	4	46
chr6	13331482	13343512	2	2	0	0	1	16
chr6	23486166	23527541	1	3	0	0	1	43
chr6	28631656	28662583	1	1	0	0	1	36
chr6	31783707	31813348	1	3	0	0	2	27
chr6	31836518	31837235	1	1	1	0	2	37
chr6	33470654	33496005	2	2	0	0	18	46
chr6	33470654	33561496	2	2	0	0	9	39
chr6	34381860	34444975	1	1	0	0	4	39
chr6	34418425	34421729	2	2	1	0	7	37
chr6	34421808	34424668	2	2	1	0	23	34
chr6	34424841	34425071	2	2	1	0	63	40
chr6	34425222	34426031	2	2	1	0	25	43
chr6	34662229	34742896	2	2	0	0	2	45
chr6	38541524	38545564	1	1	0	0	3	46
chr6	38541524	38683672	1	1	0	0	3	46
chr6	41918733	42020063	1	1	0	0	3	46
chr6	42017936	42027224	1	1	0	0	1	46
chr6	42035600	42081601	2	2	0	0	2	46
chr6	42088053	42134886	1	1	0	0	1	17
chr6	42111515	42184323	2	2	0	0	2	46
chr6	42717200	42729065	1	1	0	0	1	39
chr6	42884751	42885973	1	1	1	0	1	9
chr6	43151933	43165245	2	4	0	0	2	40
chr6	43323227	43364162	2	2	0	0	2	12
chr6	43363842	43364270	1	3	0	0	1	15
chr6	43441076	43472172	2	4	0	0	1	28
chr6	43538828	43538958	0	0	0	0	3	32
chr6	43538846	43539276	2	4	0	0	1	15
chr6	43538888	43538984	1	1	0	0	1	22
chr6	43539298	43539354	0	0	0	0	4	35
chr6	43651798	43701775	2	2	0	0	3	42
chr6	54793561	54834857	2	2	0	0	3	41
chr6	70531978	70567780	1	1	0	0	2	31
chr6	106993110	107043071	2	4	0	0	1	43
chr6	108200451	108223592	1	1	0	0	2	45
chr6	108283179	108308800	1	1	0	0	1	45
chr6	108298354	108308793	2	2	0	0	1	38
chr6	117187168	117250123	1	1	0	0	4	44
chr6	121953834	121980750	2	2	0	0	5	46
chr6	121953834	122214367	2	2	0	0	4	46
chr6	134167610	134358099	2	2	0	0	3	46
chr6	139621080	139657993	2	2	0	0	1	46
chr6	139772405	139866811	1	1	0	0	2	15
chr6	149946654	149947319	1	1	1	0	17	31
chr6	150020240	150020904	2	2	1	0	17	31
chr6	151401393	151449291	2	2	0	0	2	38
chr6	151511014	151525209	1	1	0	0	2	18
chr6	154547573	154558447	2	2	0	0	1	28
chr6	154842505	154884021	1	1	0	0	1	28
chr7	670101	689913	2	2	0	0	1	46
chr7	1146205	1146901	2	2	0	0	3	44
chr7	2448983	2487006	2	2	0	0	1	18
chr7	4472752	4669156	2	2	0	0	3	18
chr7	5923546	5923834	1	1	1	0	2	36
chr7	6350934	6351790	1	3	0	0	1	27
chr7	6687628	6700159	2	2	0	0	1	27
chr7	6687628	6735691	2	2	0	0	1	27
chr7	6801076	6801364	2	2	1	0	2	36
chr7	8324059	8332715	1	1	0	0	1	39
chr7	12972369	12989024	1	1	0	0	1	22
chr7	40272896	40294185	1	1	0	0	3	42
chr7	44611508	44705284	2	2	0	0	3	46
chr7	44714555	44786751	2	2	0	0	2	43
chr7	47516999	47559285	1	1	0	0	1	30
chr7	55834878	55882657	2	2	0	0	1	39
chr7	55854622	55947131	1	1	0	0	2	41
chr7	55893115	55952769	2	2	0	0	3	31
chr7	56011234	56011543	2	2	1	0	8	15
chr7	56011870	56015022	2	2	1	0	4	23
chr7	56017380	56019599	2	2	1	0	1	37
chr7	63315579	63334215	1	3	0	0	1	28
chr7	64250073	64262086	2	2	0	0	2	29
chr7	64977690	64978025	1	1	0	0	1	38
chr7	65150342	65153016	1	1	1	0	2	45
chr7	65312014	65318045	2	2	0	0	2	42
chr7	65312019	65364631	1	1	0	0	2	47
chr7	65520078	65579348	2	2	0	0	3	43
chr7	65542975	65545630	2	2	1	0	2	45
chr7	66215607	66248745	2	2	0	0	2	46
chr7	66403059	66403616	2	2	0	0	1	41
chr7	66687583	66687988	1	1	0	0	2	36
chr7	66876090	66915265	1	1	0	0	1	45
chr7	66890412	66893364	1	1	1	0	1	7
chr7	67495234	67519767	1	1	0	0	1	29
chr7	68355402	68361109	2	2	0	0	1	31
chr7	71026683	71043773	1	3	0	0	1	27
chr7	73365677	73494188	2	4	0	0	3	28
chr7	73561141	73585790	2	2	0	0	1	36
chr7	73586415	73630325	2	2	0	0	1	15
chr7	73692647	73693328	1	1	1	0	1	21
chr7	73693350	73698047	1	3	0	0	1	21
chr7	73759198	73773393	1	1	0	0	6	44
chr7	74061588	74098779	1	1	0	0	1	24
chr7	74286793	74305621	1	1	0	0	1	16
chr7	74560702	74561236	2	4	0	0	1	42
chr7	74700431	74700605	1	1	1	0	1	9
chr7	74700431	74760172	1	1	0	0	10	26
chr7	74718942	74728785	1	1	1	0	5	24
chr7	74728897	74730228	1	1	1	0	7	38
chr7	74730295	74732478	1	1	1	0	1	46
chr7	74733982	74735460	1	1	1	0	1	25
chr7	74735533	74736499	1	1	1	0	1	33
chr7	74738104	74743448	1	1	1	0	3	42
chr7	74744942	74745882	1	1	1	0	4	36
chr7	74745942	74746336	1	1	1	0	2	5
chr7	74746412	74748014	1	1	1	0	1	9
chr7	74748117	74749024	1	1	1	0	2	6
chr7	74749091	74749267	1	1	1	0	2	23
chr7	74749452	74751360	1	1	1	0	1	38
chr7	74751417	74752089	1	1	1	0	3	38
chr7	74752171	74753093	1	1	1	0	5	30
chr7	74754030	74755508	1	1	1	0	19	29
chr7	74755538	74756819	1	1	1	0	27	25
chr7	74756862	74757958	1	1	1	0	30	37
chr7	74758001	74758779	1	1	1	0	26	39
chr7	74758856	74759547	1	1	1	0	20	46
chr7	74758856	74759828	1	1	0	0	3	28
chr7	74758856	74759831	1	1	0	0	1	23
chr7	74832944	74836279	2	2	1	0	1	25
chr7	74843833	74849111	2	2	1	0	1	29
chr7	74880876	74899116	1	1	0	0	3	38
chr7	74880876	74929798	1	1	0	0	3	38
chr7	74883464	74883727	2	2	1	0	3	31
chr7	74890847	74894122	1	1	1	0	2	44
chr7	74894258	74896145	1	1	1	0	9	27
chr7	74896233	74897651	1	1	1	0	1	45
chr7	74896512	74897651	1	1	1	0	2	16
chr7	74897836	74900797	1	1	1	0	1	29
chr7	74897836	74900886	1	1	1	0	6	44
chr7	74900976	74905577	1	1	1	0	3	44
chr7	74926726	74927386	1	3	0	0	1	43
chr7	74938021	74938745	2	4	0	0	2	37
chr7	74947002	74951542	2	4	0	0	1	37
chr7	74962998	74995730	2	2	0	0	1	44
chr7	75186185	75193930	1	1	0	0	2	26
chr7	75186244	75187219	2	2	0	0	1	23
chr7	75186247	75187219	2	2	0	0	3	28
chr7	75186528	75187219	2	2	1	0	20	46
chr7	75187296	75188074	2	2	1	0	26	39
chr7	75188117	75189214	2	2	1	0	30	37
chr7	75189257	75190538	2	2	1	0	27	25
chr7	75190568	75192046	2	2	1	0	19	29
chr7	75192981	75193902	2	2	1	0	4	30
chr7	75193984	75194656	2	2	1	0	3	38
chr7	75194713	75196612	2	2	1	0	1	38
chr7	75196797	75196973	2	2	1	0	2	23
chr7	75197040	75197947	2	2	1	0	2	6
chr7	75198050	75199650	2	2	1	0	1	9
chr7	75199726	75200120	2	2	1	0	2	5
chr7	75200180	75201120	2	2	1	0	4	36
chr7	75202614	75207955	2	2	1	0	3	42
chr7	75209560	75210527	2	2	1	0	1	33
chr7	75210600	75212078	2	2	1	0	1	25
chr7	75213590	75215755	2	2	1	0	1	46
chr7	75215822	75217153	2	2	1	0	7	38
chr7	75250864	75255456	1	3	0	0	1	37
chr7	75274100	75274761	2	4	0	0	1	43
chr7	75288818	75503639	1	1	0	0	4	42
chr7	75297761	75299653	2	2	1	0	8	27
chr7	75305759	75331413	2	4	0	0	1	21
chr7	75316142	75320729	2	2	1	0	3	44
chr7	75316746	75503639	1	1	0	0	4	42
chr7	75320819	75323868	2	2	1	0	5	44
chr7	75320908	75323868	2	2	1	0	1	29
chr7	75324055	75325642	2	2	1	0	1	22
chr7	75325730	75327623	2	2	1	0	8	27
chr7	75344109	75348696	2	2	1	0	3	44
chr7	75344713	75503639	1	1	0	0	4	42
chr7	75348786	75351835	2	2	1	0	5	44
chr7	75348875	75351835	2	2	1	0	1	29
chr7	75352022	75353568	2	2	1	0	1	22
chr7	75355684	75358943	2	2	1	0	2	44
chr7	75366060	75366323	1	1	1	0	3	31
chr7	75512676	75514644	2	2	1	0	2	30
chr7	75827183	75839768	2	2	0	0	4	44
chr7	75827183	75871261	2	2	0	0	4	44
chr7	75834691	75978754	2	2	0	0	4	46
chr7	76433648	76434037	1	1	1	0	5	42
chr7	76434156	76440249	1	1	1	0	9	45
chr7	76440342	76440474	1	1	1	0	18	45
chr7	76440612	76441841	1	1	1	0	18	29
chr7	76610216	76611453	2	2	1	0	12	15
chr7	76611592	76611721	2	2	1	0	27	45
chr7	76611814	76618182	2	2	1	0	9	45
chr7	76616940	76621722	2	2	0	0	1	44
chr7	76618301	76618496	2	2	1	0	2	8
chr7	76618301	76618511	2	2	0	0	2	42
chr7	76622928	76624242	1	1	0	0	1	39
chr7	77334870	77487821	1	1	0	0	3	32
chr7	86554854	86833180	1	1	0	0	5	24
chr7	93019795	93067768	1	1	0	0	2	39
chr7	99086250	99089107	1	1	0	0	1	33
chr7	100333461	100464911	1	1	0	0	3	19
chr7	102339116	102342181	1	1	1	0	1	40
chr7	102342687	102348272	1	1	0	0	2	21
chr7	102342687	102350619	1	1	0	0	1	44
chr7	102348758	102348870	1	1	0	0	2	34
chr7	102350224	102351873	2	4	0	0	2	39
chr7	102350429	102351731	0	0	0	0	5	35
chr7	102351777	102402312	2	2	0	0	2	18
chr7	102544777	102566996	2	2	1	0	1	16
chr7	102550128	102566087	2	4	0	0	1	15
chr7	102557408	102559055	1	3	0	0	2	39
chr7	102558661	102566581	2	2	0	0	1	44
chr7	102560407	102560519	2	2	0	0	2	34
chr7	102560407	102659609	2	2	0	0	2	34
chr7	102561005	102566581	2	2	0	0	2	21
chr7	102564444	102663526	1	1	0	0	2	39
chr7	102566737	102566996	2	2	1	0	3	20
chr7	102567084	102568009	2	2	1	0	12	47
chr7	102567084	102569834	2	2	1	0	11	39
chr7	102567084	102569899	2	2	0	0	1	20
chr7	102649222	102665167	2	4	0	0	1	15
chr7	102656492	102658142	1	3	0	0	2	39
chr7	102656561	102658979	2	2	0	0	2	32
chr7	102657745	102665661	2	2	0	0	1	44
chr7	102659497	102659609	2	2	0	0	2	34
chr7	102660095	102665661	2	2	0	0	2	21
chr7	102666164	102667089	2	2	1	0	12	47
chr7	102666164	102668979	2	2	0	0	1	20
chr7	105527723	105575844	2	4	0	0	1	39
chr7	129691450	129725415	2	2	0	0	3	42
chr7	131641322	131677396	2	2	0	0	1	39
chr7	138336899	138466085	2	2	0	0	3	28
chr7	138421079	138466085	2	2	0	0	5	37
chr7	139160518	139196256	2	2	0	0	1	27
chr7	140492663	140583076	1	1	0	0	2	46
chr7	140787087	140871012	1	1	0	0	2	46
chr7	141758503	141758528	1	1	0	0	1	45
chr7	143599034	143599321	1	1	1	0	1	34
chr7	143603112	143604584	1	1	1	0	2	30
chr7	143604836	143607792	1	1	1	0	2	11
chr7	143854143	143857099	2	2	1	0	2	11
chr7	143857351	143858823	2	2	1	0	2	30
chr7	143862514	143862801	2	2	1	0	1	34
chr7	144912921	145011332	1	1	0	0	3	46
chr7	148513850	148527307	2	2	0	0	1	37
chr7	149124080	149124387	2	2	0	0	1	40
chr7	152467777	152563461	2	2	0	0	2	19
chr7	152499566	152533171	2	2	0	0	2	34
chr7	157130066	157297022	2	2	0	0	12	41
chr8	4633527	4634925	1	1	1	0	1	3
chr8	7670197	7670298	2	2	0	0	1	41
chr8	13390773	13615214	1	1	0	0	4	46
chr8	15840336	15879480	2	2	0	0	1	31
chr8	23259251	23309066	2	2	0	0	2	26
chr8	37952264	37986633	2	2	0	0	1	14
chr8	38363565	38438465	2	2	0	0	2	34
chr8	41986175	42079091	1	1	0	0	3	43
chr8	42312119	42328042	2	2	0	0	1	46
chr8	54415765	54473850	2	2	0	0	2	46
chr8	55420745	55482505	2	2	0	0	2	17
chr8	56004543	56103786	2	2	0	0	4	35
chr8	65573875	65575362	2	2	0	0	1	18
chr8	70057097	70064655	1	1	0	0	1	13
chr8	82291500	82292240	0	0	0	0	8	30
chr8	82291517	82292174	2	2	0	0	1	32
chr8	93873429	93895535	1	1	0	0	2	42
chr8	94610649	94615553	2	4	0	0	2	27
chr8	94830893	94844133	1	1	0	0	2	43
chr8	97989255	97998305	1	1	0	0	199	46
chr8	99293422	99336393	2	2	0	0	1	37
chr8	101167896	101241657	1	3	0	0	2	26
chr8	102240925	102413894	2	2	0	0	17	43
chr8	110373844	110385964	1	1	0	0	1	22
chr8	119870196	119907752	2	4	0	0	1	26
chr8	144118252	144156644	1	1	0	0	1	25
chr9	936579	1012711	2	2	0	0	3	41
chr9	1116828	1147266	0	0	0	0	3	47
chr9	15471232	15472631	2	2	1	0	4	3
chr9	15472751	15474008	2	2	1	0	1	45
chr9	15474238	15478476	2	2	1	0	46	45
chr9	15478553	15479590	2	2	1	0	19	42
chr9	15478553	15486005	2	2	0	0	1	36
chr9	15479688	15486005	2	2	1	0	9	45
chr9	15486069	15486826	2	2	1	0	2	18
chr9	15486932	15489985	2	2	1	0	1	33
chr9	15490125	15506560	2	2	1	0	1	31
chr9	15506638	15510116	2	2	1	0	1	5
chr9	19092490	19092799	2	2	0	0	2	39
chr9	19196872	19244261	2	2	0	0	1	33
chr9	33004791	33127121	0	0	0	0	3	42
chr9	34097307	34181159	1	3	0	0	3	27
chr9	34112530	34150753	1	1	0	0	1	47
chr9	36182936	36183389	1	1	0	0	1	40
chr9	36468899	36643719	1	1	0	0	3	39
chr9	41554502	41569989	2	2	0	0	1	40
chr9	42668887	42725055	2	2	1	0	1	25
chr9	61616008	61620249	1	1	1	0	4	45
chr9	61616008	61620257	1	1	1	0	1	35
chr9	61906548	61910860	2	2	1	0	1	35
chr9	61906556	61910860	2	2	1	0	4	45
chr9	62376814	62432875	1	1	1	0	1	25
chr9	62869305	62897418	2	2	1	0	6	45
chr9	62869305	62897528	2	2	1	0	4	47
chr9	63055721	63055992	1	1	0	0	3	12
chr9	63056409	63057514	1	1	1	0	7	46
chr9	63059218	63151190	1	1	1	0	2	9
chr9	63124293	63124635	2	2	1	0	1	34
chr9	63129311	63129547	2	4	0	0	1	41
chr9	63309313	63372802	2	2	1	0	2	9
chr9	63330918	63331154	1	3	0	0	1	41
chr9	63335805	63336147	1	1	1	0	1	34
chr9	63372979	63373320	2	2	1	0	6	27
chr9	63374506	63375612	2	2	1	0	7	46
chr9	63376029	63376300	2	2	0	0	3	12
chr9	63380012	63385078	2	2	1	0	1	28
chr9	63796429	63848484	2	2	0	0	3	31
chr9	64723290	64724108	1	1	0	0	1	18
chr9	65288533	65289657	2	2	1	0	1	34
chr9	65289896	65301424	2	2	1	0	3	34
chr9	65301477	65312570	2	2	1	0	1	31
chr9	65312628	65318515	2	2	1	0	3	36
chr9	65703015	65708901	1	1	1	0	3	36
chr9	65708959	65720040	1	1	1	0	1	31
chr9	65720093	65731629	1	1	1	0	3	34
chr9	65731868	65732992	1	1	1	0	1	34
chr9	65813583	65814435	0	0	0	0	3	40
chr9	67363723	67383891	1	1	0	0	1	40
chr9	67538558	67554940	2	2	0	0	2	46
chr9	72003877	72009348	1	1	0	0	2	39
chr9	77377420	77424421	2	2	0	0	1	12
chr9	77928789	78048913	1	1	0	0	3	37
chr9	83826196	83895120	1	1	0	0	2	44
chr9	87404440	87438682	1	1	0	0	1	32
chr9	88273416	88311788	2	2	0	0	1	31
chr9	88743504	88779920	2	2	0	0	2	40
chr9	92174980	92222104	1	1	0	0	1	46
chr9	107499331	107537318	2	2	0	0	2	32
chr9	112432927	112463819	2	2	0	0	2	29
chr9	120719985	120836627	2	2	0	0	3	46
chr9	122176801	122208757	2	2	0	0	1	44
chr9	124732827	124742458	1	3	0	0	1	46
chr9	125277735	125278424	1	1	0	0	3	36
chr9	127956797	128227262	2	4	0	0	5	39
chr9	128427344	128454086	2	2	0	0	1	47
chr9	128549364	128597770	2	2	0	0	1	24
chr9	128709071	128773627	1	1	0	0	3	41
chr9	128975338	129004618	2	4	0	0	1	45
chr9	129635379	129636294	1	1	0	0	1	30
chr9	129636338	129719933	1	1	0	0	2	21
chr9	129711640	129713873	2	2	0	0	1	31
chr9	129714376	129782917	2	4	0	0	2	27
chr9	130048711	130122123	2	2	0	0	3	45
chr9	133001489	133048610	1	1	0	0	1	23
chr9	134082404	134164192	1	1	0	0	2	46
chr9	137129231	137129513	2	2	1	0	1	33
chr9	137308800	137401317	2	2	0	0	4	28
chr10	4963529	4965913	1	1	1	0	1	43
chr10	4966082	4966926	1	1	1	0	4	21
chr10	4967044	4968308	1	1	1	0	1	21
chr10	4968945	4972200	1	1	1	0	1	22
chr10	4972750	4975850	1	1	1	0	4	37
chr10	4975934	4977699	1	1	1	0	4	38
chr10	4990039	4991830	2	2	1	0	4	38
chr10	4991914	4995318	2	2	1	0	4	37
chr10	4995485	4995755	2	2	1	0	2	38
chr10	4995866	4998624	2	2	1	0	1	22
chr10	4999278	5000549	2	2	1	0	5	39
chr10	6117610	6135451	2	2	0	0	1	17
chr10	11931936	12079454	1	1	0	0	3	46
chr10	12134134	12139855	1	1	0	0	1	36
chr10	12317035	12318395	1	3	0	0	1	33
chr10	13306598	13310254	2	2	0	0	1	42
chr10	14761848	14831822	2	2	0	0	3	37
chr10	15073466	15074863	2	4	0	0	6	16
chr10	21028200	21216960	2	4	0	0	3	27
chr10	23570462	23625108	1	1	0	0	3	39
chr10	26972110	27042627	2	2	0	0	8	37
chr10	28335323	28416489	1	1	0	0	2	45
chr10	34856768	34902043	2	4	0	0	1	27
chr10	36839712	37032272	1	3	0	0	4	32
chr10	39479795	39513501	1	1	0	0	4	44
chr10	43329766	43329986	1	1	0	0	1	33
chr10	45681841	45684485	1	1	1	0	7	30
chr10	45694784	45698064	1	1	1	0	7	39
chr10	45698117	45698755	1	1	1	0	2	15
chr10	45827391	45828028	2	2	1	0	2	15
chr10	45828081	45831393	2	2	1	0	11	39
chr10	45831430	45834015	2	2	1	0	7	36
chr10	45841688	45844325	2	2	1	0	7	30
chr10	45987980	45992967	2	4	0	0	1	26
chr10	48489966	48539523	2	2	0	0	1	32
chr10	49919172	50014536	2	2	0	0	3	46
chr10	68779490	68783405	2	2	0	0	1	32
chr10	72216139	72220053	1	1	1	0	14	47
chr10	72583512	72797765	2	2	0	0	15	25
chr10	72707061	72797765	2	2	0	0	15	25
chr10	72787500	72797765	2	2	0	0	15	25
chr10	73427373	73486400	1	1	0	0	7	45
chr10	73951804	73973075	2	2	0	0	2	46
chr10	77939078	78031110	1	3	0	0	2	39
chr10	79669575	79671090	1	1	1	0	12	44
chr10	79671134	79676467	1	1	1	0	14	35
chr10	79766325	79804484	2	2	1	0	8	43
chr10	79798028	79804484	2	2	1	0	16	35
chr10	79804528	79806038	2	2	1	0	22	44
chr10	79804528	79814612	2	2	1	0	6	33
chr10	79806123	79808758	2	2	1	0	9	28
chr10	79808833	79814612	2	2	1	0	2	42
chr10	79814717	79826197	2	2	1	0	6	29
chr10	81926352	81932871	1	1	0	0	1	21
chr10	86527371	86543537	2	2	0	0	1	12
chr10	92037295	92044314	1	1	0	0	2	15
chr10	92218194	92282474	1	1	0	0	3	46
chr10	97276329	97276825	1	1	0	0	1	22
chr10	97276501	97276825	1	1	0	0	1	22
chr10	97493056	97537870	1	3	0	0	1	25
chr10	97617982	97629194	2	4	0	0	1	31
chr10	100525302	100557491	1	3	0	0	7	27
chr10	101806461	102080485	2	4	0	0	6	24
chr10	102554185	102578089	2	2	0	0	5	43
chr10	102568847	102608196	2	4	0	0	3	26
chr10	102703526	102719303	2	2	0	0	1	20
chr10	103512922	103516000	1	1	0	0	1	45
chr10	106806670	106811093	2	2	0	0	3	15
chr10	116588699	116660219	2	2	0	0	32	13
chr10	119131244	119151154	1	1	0	0	3	46
chr10	121853239	121915765	2	2	0	0	11	27
chr10	122952027	122952828	2	2	1	0	3	23
chr11	308345	314262	2	2	1	1	23	46
chr11	308439	309012	1	1	1	0	9	30
chr11	308439	314921	1	1	1	0	13	30
chr11	314357	314921	1	1	1	0	39	36
chr11	314357	314926	1	1	1	0	4	45
chr11	319991	320564	2	2	1	0	40	37
chr11	2996796	3053318	2	4	0	0	2	38
chr11	5678435	5679073	2	4	1	1	0	6
chr11	9317142	9336338	1	1	0	0	2	46
chr11	9612595	9631856	1	3	0	0	1	27
chr11	14394967	14420910	2	4	0	0	1	27
chr11	14512211	14513569	2	2	0	0	2	41
chr11	17237898	17272027	1	3	0	0	1	25
chr11	31717541	31752619	1	1	0	0	1	40
chr11	46613062	46627552	2	2	0	0	1	44
chr11	46642497	46708353	1	1	0	2	0	22
chr11	47211030	47212321	1	3	0	0	3	26
chr11	47275343	47505870	1	1	0	0	5	31
chr11	47768866	47779809	2	2	0	0	1	33
chr11	47936604	48005144	2	2	0	0	2	45
chr11	48011702	48038536	1	3	0	0	1	27
chr11	48287354	48388152	1	1	0	0	3	33
chr11	48287354	48399850	1	1	0	0	3	33
chr11	48572490	48847509	2	2	0	0	7	13
chr11	48585496	48847509	2	2	0	0	7	13
chr11	55322330	55331294	2	4	0	0	1	44
chr11	62467467	62483508	2	2	0	0	1	42
chr11	62610101	62620166	1	1	0	0	1	44
chr11	62765902	62774190	2	4	0	0	1	22
chr11	63750900	63823765	0	0	0	0	14	46
chr11	63855016	63857425	2	4	0	0	2	46
chr11	63949977	63977996	2	2	0	0	1	39
chr11	65986424	66001401	1	1	0	0	1	44
chr11	66639822	66646110	0	0	0	0	4	39
chr11	66639939	66646091	2	2	0	0	5	27
chr11	66640124	66643449	1	1	1	0	2	26
chr11	66640124	66646026	1	1	1	0	37	36
chr11	66640124	66646273	1	1	0	0	3	22
chr11	66640124	66665855	1	1	1	0	5	15
chr11	66665389	66676738	1	3	0	0	2	45
chr11	66665579	66676667	2	2	1	0	2	14
chr11	71235376	71243476	2	2	0	0	3	43
chr11	71281658	71306369	2	2	0	0	1	33
chr11	72383354	72422096	2	2	0	0	3	45
chr11	82596065	82696238	1	3	0	0	4	23
chr11	112198992	112323317	1	1	0	0	3	20
chr11	116757391	116834588	1	1	0	0	3	47
chr11	117136614	117137422	1	1	1	0	3	43
chr11	117207161	117207969	2	2	1	0	3	43
chr12	3054298	3059467	2	2	0	0	2	23
chr12	3936767	3942814	1	3	0	0	1	44
chr12	6531429	6531608	2	2	0	0	4	35
chr12	6918534	7040189	1	1	0	0	4	33
chr12	7897820	7913341	1	1	0	0	1	22
chr12	9288039	9313954	1	1	0	0	1	33
chr12	9294519	9294816	1	1	1	0	2	15
chr12	9298529	9298779	1	1	1	0	3	28
chr12	9301247	9302227	1	1	1	0	5	23
chr12	9301247	9302622	1	1	0	0	1	33
chr12	9302275	9302622	1	1	1	0	5	44
chr12	9302703	9303974	1	1	1	0	4	24
chr12	9304020	9304139	1	1	1	0	1	8
chr12	9305758	9306014	1	1	1	0	3	31
chr12	9312324	9312616	1	1	1	0	5	17
chr12	9312696	9312874	1	1	1	0	9	32
chr12	9313030	9313104	1	1	1	0	2	5
chr12	9417847	9443845	2	2	0	0	1	33
chr12	9417977	9418275	1	3	0	0	2	21
chr12	9418700	9418774	2	2	1	0	2	5
chr12	9418930	9419111	2	2	1	0	6	32
chr12	9419191	9419488	2	2	1	0	2	22
chr12	9419574	9419980	2	2	1	0	1	10
chr12	9421966	9424527	2	2	1	0	1	35
chr12	9425825	9426081	2	2	1	0	3	31
chr12	9427866	9429131	2	2	1	0	3	29
chr12	9429212	9429559	2	2	1	0	5	44
chr12	9429607	9430587	2	2	1	0	5	23
chr12	9430741	9432365	2	2	1	0	1	46
chr12	9433057	9433307	2	2	1	0	3	28
chr12	9437105	9437402	2	2	1	0	2	15
chr12	12325925	12369955	2	2	0	0	1	29
chr12	14261592	14290733	2	2	0	0	1	43
chr12	14626127	14664998	1	1	0	0	1	19
chr12	19337115	19384941	1	1	0	0	1	43
chr12	31870638	31875963	1	1	0	0	2	41
chr12	42723987	42877659	2	2	0	0	4	46
chr12	48728606	48731388	1	3	0	0	1	39
chr12	49045542	49122704	1	3	0	0	17	24
chr12	49128126	49185177	1	1	1	0	20	44
chr12	49128939	49129241	2	2	1	0	12	42
chr12	49129391	49129499	2	2	1	0	9	40
chr12	49129723	49131297	2	2	1	0	8	42
chr12	49186834	49188976	2	2	1	0	1	20
chr12	49265185	49269464	1	1	1	0	3	33
chr12	49269688	49269827	1	1	1	0	8	28
chr12	49269977	49272252	1	1	1	0	14	42
chr12	49615616	49729401	0	0	0	0	3	41
chr12	51991545	52013220	1	1	0	0	1	35
chr12	52899288	52934201	2	4	0	0	1	27
chr12	53238887	53265663	2	2	0	0	4	39
chr12	53241279	53260905	2	2	0	0	1	24
chr12	53295942	53296453	1	1	1	0	1	40
chr12	53317343	53350241	1	1	0	0	3	46
chr12	56669865	56733109	2	4	0	0	2	23
chr12	64647644	64650647	2	2	0	0	2	39
chr12	101853466	101858921	1	1	0	0	5	44
chr12	109030699	109128230	2	2	0	0	3	45
chr12	109933761	109941680	2	2	0	0	3	30
chr12	110031582	110040307	2	2	0	0	1	24
chr12	110454430	110474890	2	2	0	0	2	19
chr12	110470331	110476440	2	2	0	0	5	33
chr12	111339015	111385866	2	2	0	0	1	30
chr12	111346041	111346947	1	1	0	0	1	32
chr12	120120291	120180773	1	1	0	0	2	39
chr12	120301171	120355229	2	2	0	0	2	47
chr12	121586964	121587367	2	4	0	0	1	38
chr12	121602345	121654642	1	3	0	0	3	27
chr12	121874591	121896808	2	4	0	0	1	28
chr12	122320060	122439938	1	1	0	0	3	46
chr12	122470851	122570300	2	2	0	0	2	16
chr12	122646365	122658524	2	2	0	0	1	37
chr12	122885814	122886534	1	3	0	0	1	38
chr12	123239651	123339525	2	2	0	0	4	22
chr12	123691990	123700527	1	1	0	0	1	18
chr12	131465183	131469222	2	2	1	0	1	27
chr12	132721852	132722496	2	2	0	0	2	23
chr12	132877891	132920227	2	2	0	0	1	38
chr13	22664406	22713540	2	2	0	0	1	46
chr13	22664714	22713540	2	2	0	0	1	46
chr13	22701628	22751282	1	1	0	0	2	37
chr13	24580891	24581660	1	1	1	0	3	40
chr13	24593125	24594473	2	2	0	0	3	13
chr13	24594364	24595788	1	1	1	0	1	40
chr13	24595860	24597386	1	1	1	0	1	18
chr13	24967454	24968205	2	2	1	0	3	40
chr13	50002906	50062089	2	2	0	0	2	41
chr13	52249698	52249862	1	1	0	0	1	29
chr13	69695244	69698280	2	2	0	0	1	46
chr13	79844641	79955291	2	2	0	0	7	43
chr13	99730958	99750548	2	2	0	0	1	38
chr13	100146548	100186713	2	4	0	0	1	25
chr13	101232691	101241687	2	2	0	0	1	41
chr14	19054712	19055389	1	1	1	0	33	45
chr14	19054717	19055389	1	1	1	0	3	39
chr14	19055575	19055601	1	1	0	0	5	27
chr14	19062467	19064582	1	1	1	0	8	45
chr14	19062467	19066235	1	1	1	0	11	43
chr14	19062467	19068076	1	1	1	0	2	25
chr14	19062467	19130635	1	1	1	0	2	41
chr14	19064648	19068183	1	1	0	0	3	27
chr14	19064694	19065967	1	1	1	0	3	42
chr14	19064694	19066000	1	1	1	0	12	42
chr14	19066116	19066235	1	1	1	0	29	44
chr14	19066348	19067829	1	1	1	0	10	45
chr14	19066348	19068076	1	1	1	0	36	46
chr14	19066348	19068100	1	1	1	0	8	46
chr14	19066348	19068432	1	1	1	0	3	40
chr14	19068101	19105812	1	1	1	0	1	3
chr14	19068215	19068432	1	1	1	0	41	46
chr14	19068215	19087063	1	1	0	0	2	34
chr14	19068569	19130635	1	1	1	0	9	43
chr14	19093007	19130635	1	1	1	0	7	43
chr14	19155094	19184933	1	1	0	0	2	15
chr14	19269381	19307020	2	2	1	0	17	42
chr14	19269381	19331481	2	2	1	0	10	43
chr14	19288645	19331848	1	1	0	0	1	33
chr14	19294215	19331948	2	2	1	0	1	3
chr14	19312973	19331834	2	2	0	0	2	34
chr14	19331618	19331834	2	2	1	0	40	46
chr14	19331618	19333701	2	2	1	0	3	40
chr14	19331866	19335397	2	2	0	0	3	27
chr14	19331949	19333701	2	2	1	0	8	46
chr14	19331973	19333701	2	2	1	0	36	46
chr14	19331973	19337579	2	2	1	0	2	25
chr14	19332220	19333701	2	2	1	0	10	45
chr14	19333814	19333933	2	2	1	0	29	44
chr14	19333814	19337579	2	2	1	0	11	43
chr14	19334049	19335351	2	2	1	0	12	42
chr14	19334082	19335351	2	2	1	0	4	42
chr14	19335463	19337579	2	2	1	0	8	45
chr14	19344635	19345307	2	2	1	0	3	39
chr14	19344635	19345312	2	2	1	0	33	45
chr14	21305035	21338148	2	2	0	0	1	46
chr14	22778048	22810950	2	4	0	0	1	22
chr14	22903013	22940327	2	2	0	0	3	46
chr14	22930981	22949129	2	4	0	0	1	27
chr14	24145156	24145242	2	2	1	0	1	18
chr14	24145274	24145378	2	2	1	0	1	31
chr14	31080645	31124828	1	1	1	0	1	3
chr14	34560563	34701408	2	2	0	0	4	38
chr14	35046629	35050032	1	1	1	0	1	6
chr14	35059079	35077625	1	1	0	0	1	33
chr14	35086734	35136610	1	1	0	0	1	43
chr14	49791109	49833038	1	1	0	0	1	27
chr14	50203304	50224226	1	1	0	0	1	33
chr14	50208083	50241623	1	1	0	0	1	46
chr14	55319721	55338094	1	3	0	0	1	25
chr14	73671598	73675708	1	1	0	0	1	21
chr14	73733370	73811851	2	2	0	0	2	43
chr14	74092351	74111925	1	3	0	0	1	26
chr14	74103981	74192367	2	2	0	0	2	19
chr14	77571482	77587203	2	4	0	0	1	26
chr14	102479002	102516074	1	1	0	0	1	16
chr14	102491125	102532123	2	2	0	0	1	43
chr14	103026841	103076209	2	2	0	0	1	39
chr14	103399495	103419073	1	1	0	0	3	46
chr14	103399495	103444563	1	1	0	0	3	46
chr15	28220645	28222027	2	2	1	0	1	29
chr15	28233797	28234069	2	2	1	0	4	39
chr15	28282807	28284789	2	4	0	0	1	42
chr15	28636702	28636974	1	1	1	0	4	39
chr15	28649068	28650506	1	1	1	0	1	29
chr15	28659400	28681364	1	1	0	0	1	39
chr15	28674028	28681795	1	1	1	0	2	22
chr15	30104009	30110301	1	1	1	0	4	40
chr15	30383383	30386862	2	2	1	0	2	22
chr15	30386988	30393251	2	2	1	0	4	40
chr15	30613788	30625050	2	2	1	0	3	9
chr15	32603204	32614436	2	2	1	0	3	9
chr15	34391427	34398633	2	2	1	0	1	33
chr15	34537648	34544857	2	2	1	0	1	33
chr15	41127381	41157830	2	4	0	0	2	27
chr15	41174241	41226037	1	1	0	0	2	46
chr15	41268520	41298769	2	2	0	0	1	16
chr15	41286101	41297833	1	1	1	0	1	3
chr15	41308625	41308719	1	1	1	0	1	3
chr15	41395415	41441016	1	3	0	0	1	27
chr15	41460359	41472442	1	1	0	0	4	35
chr15	43440346	43441525	2	2	0	0	1	31
chr15	43802816	43808250	1	1	0	0	1	39
chr15	45043422	45061066	1	1	1	0	1	33
chr15	50367407	50380816	1	3	0	0	2	46
chr15	50380043	50475833	2	2	0	0	3	18
chr15	50450702	50475833	2	2	0	0	3	18
chr15	51992445	52028095	1	1	0	4	0	41
chr15	53135565	53155971	1	1	0	0	4	46
chr15	64187054	64219085	2	2	0	0	2	15
chr15	67851842	67900380	2	2	0	0	6	46
chr15	67851842	68026009	2	2	0	0	7	46
chr15	75185224	75187307	1	1	0	0	1	43
chr15	75902528	75904364	2	2	1	0	1	5
chr15	78896024	78918263	1	3	0	0	2	28
chr15	81798045	81870927	2	2	1	0	1	44
chr15	81870783	81870927	2	2	1	0	1	44
chr15	82355375	82369242	1	1	1	0	1	12
chr15	82385302	82450820	1	1	0	0	10	46
chr15	82477927	82513665	2	2	1	0	2	8
chr15	82499727	82513665	2	2	1	0	3	26
chr15	83354543	83360065	1	1	0	0	114	44
chr15	84169695	84171881	1	1	1	0	1	19
chr15	84172586	84174007	1	1	1	0	1	29
chr15	84174158	84181981	1	1	1	0	4	35
chr15	84422928	84425120	2	2	0	0	1	19
chr15	84431571	84432606	2	2	1	0	3	19
chr15	84432668	84432933	2	2	1	0	3	14
chr15	84491582	84499414	2	2	1	0	4	35
chr15	84499565	84500986	2	2	1	0	1	29
chr15	84501678	84503870	2	2	1	0	1	19
chr15	84510370	84511406	2	2	1	0	3	19
chr15	84511468	84511733	2	2	1	0	3	14
chr15	84636912	84640570	2	4	0	0	1	38
chr15	84849040	84920343	1	3	0	0	2	44
chr15	89279394	89354644	1	1	0	0	2	43
chr15	90199105	90268233	2	2	0	0	2	46
chr15	90715043	90716980	2	2	1	0	1	3
chr15	99830595	99833437	1	1	0	0	2	38
chr16	238584	301087	0	0	0	0	8	41
chr16	2538137	2557702	1	1	1	0	4	22
chr16	2557763	2571073	1	1	0	0	1	45
chr16	2557763	2597658	1	1	0	0	1	40
chr16	2565698	2566355	1	1	1	0	4	41
chr16	2566454	2571073	1	1	1	0	2	25
chr16	2577501	2581294	1	1	1	0	6	22
chr16	2614069	2635345	1	1	1	0	1	3
chr16	2618891	2622689	2	2	1	0	6	22
chr16	2629119	2642429	2	2	0	0	1	45
chr16	2633837	2634494	2	2	1	0	4	41
chr16	2667852	2671463	2	2	0	0	1	25
chr16	2672860	2673282	2	2	1	0	1	9
chr16	3628792	3709047	2	2	0	0	13	46
chr16	8793314	8820119	2	2	0	0	1	46
chr16	9104334	9106510	2	2	0	0	1	25
chr16	11108896	11222665	1	1	0	0	3	29
chr16	11177388	11350377	1	1	0	0	3	39
chr16	11214632	11222665	1	1	0	0	3	29
chr16	11661076	11724888	1	1	0	0	3	26
chr16	11823407	11829188	2	2	0	0	1	28
chr16	11838114	11839694	2	2	1	0	2	21
chr16	14724524	14725882	1	1	1	0	2	26
chr16	14726163	14765156	2	2	0	0	32	44
chr16	14763644	14765002	1	1	1	0	2	26
chr16	14911908	14917539	1	1	1	0	6	12
chr16	14915281	14915709	1	3	0	0	1	40
chr16	14917612	14917732	1	1	1	0	12	46
chr16	14917805	14918072	1	1	1	0	2	13
chr16	14918243	14918454	1	1	1	0	2	6
chr16	14925877	14926003	1	1	1	0	1	32
chr16	14926591	14926656	1	1	1	0	1	6
chr16	14931688	14931923	1	3	0	0	1	44
chr16	14932972	14933065	1	1	1	0	2	36
chr16	14933277	14933366	1	1	1	0	5	22
chr16	14933494	14935159	1	1	1	0	9	44
chr16	14935398	14937564	1	1	1	0	2	9
chr16	14935398	14941811	1	1	0	0	1	46
chr16	14937651	14941811	1	1	1	0	3	23
chr16	14945982	14948929	1	1	1	0	2	21
chr16	14949038	14950049	1	1	1	0	10	40
chr16	14950111	14950219	1	1	1	0	5	19
chr16	14950256	14951614	1	1	1	0	9	36
chr16	14950822	14951614	1	1	1	0	7	35
chr16	14951895	14951963	2	2	0	0	1	36
chr16	15104409	15104479	1	1	0	0	8	25
chr16	15104605	15363789	1	1	0	0	7	47
chr16	15104759	15105548	2	2	1	0	3	34
chr16	15104759	15106114	2	2	1	0	2	26
chr16	15106321	15107329	2	2	1	0	10	40
chr16	15107438	15110413	2	2	1	0	2	21
chr16	15110822	15114442	2	2	1	0	1	11
chr16	15114572	15118925	2	2	1	0	1	8
chr16	15119055	15121843	2	2	1	0	3	8
chr16	15119055	15125690	2	2	1	0	1	8
chr16	15125808	15127469	2	2	1	0	5	44
chr16	15127001	15127088	0	0	0	0	3	45
chr16	15127597	15127686	2	2	1	0	10	20
chr16	15127898	15127991	2	2	1	0	2	36
chr16	15133424	15133489	2	2	1	0	1	6
chr16	15134075	15134201	2	2	1	0	1	32
chr16	15137541	15137753	2	2	1	0	2	6
chr16	15137924	15138191	2	2	1	0	2	13
chr16	15138264	15138384	2	2	1	0	12	46
chr16	15138457	15154349	2	2	1	0	6	12
chr16	15363859	15363915	1	1	0	0	3	43
chr16	15364070	15365428	2	2	1	0	9	36
chr16	15365465	15365573	2	2	1	0	5	19
chr16	15365635	15366652	2	2	1	0	10	40
chr16	15366761	15369711	2	2	1	0	2	21
chr16	16462385	16463756	2	2	0	0	1	38
chr16	16525043	16525411	2	2	0	0	1	30
chr16	16574812	16600163	2	2	0	0	1	21
chr16	18248134	18249525	1	1	0	0	1	38
chr16	18818862	18867753	1	3	0	0	1	27
chr16	19470157	19568773	1	1	0	0	2	18
chr16	20483178	20486573	1	1	1	0	1	24
chr16	20537363	20540653	2	2	1	0	1	24
chr16	21463994	21464715	2	2	1	0	3	15
chr16	21831508	21982072	2	2	0	0	3	29
chr16	21895793	21896514	2	2	1	0	3	15
chr16	22474227	22474948	1	1	1	0	3	15
chr16	23540720	23581327	2	2	0	0	1	44
chr16	23540720	23588236	2	2	0	0	1	44
chr16	26348887	26376899	2	4	0	0	1	30
chr16	27328326	27356173	2	2	0	0	1	31
chr16	28380139	28380291	2	2	1	0	1	3
chr16	28380380	28380467	2	2	1	0	1	3
chr16	28380792	28383117	2	2	1	0	1	12
chr16	28386127	28434052	2	2	0	0	1	36
chr16	28388283	28388507	2	2	1	0	5	26
chr16	28390646	28390839	2	2	1	0	8	27
chr16	28391856	28391979	2	2	1	0	4	46
chr16	28401605	28403517	2	2	1	0	1	13
chr16	28405229	28555405	1	1	0	0	3	36
chr16	28652365	28656462	1	1	1	0	2	36
chr16	28656524	28656632	1	1	1	0	3	21
chr16	28656669	28658027	1	1	1	0	3	36
chr16	28665549	28697277	1	1	0	0	1	17
chr16	28711788	28713700	1	1	1	0	1	13
chr16	28723324	28723447	1	1	1	0	4	46
chr16	28724464	28724657	1	1	1	0	8	27
chr16	28726796	28727020	1	1	1	0	5	26
chr16	28732193	28734519	1	1	1	0	1	12
chr16	28734844	28734931	1	1	1	0	1	3
chr16	28735020	28735172	1	1	1	0	1	3
chr16	28737787	28737836	2	2	0	0	1	42
chr16	28755100	28757806	1	1	0	0	2	14
chr16	28766490	28770587	1	1	1	0	2	36
chr16	28770649	28770757	1	1	1	0	3	21
chr16	28770794	28772152	1	1	1	0	3	36
chr16	28839515	29041756	1	1	0	0	4	25
chr16	28860912	29047218	1	1	0	0	3	43
chr16	29031644	29066573	1	1	0	1	0	43
chr16	29035739	29037764	1	1	0	0	1	47
chr16	29375295	29424200	2	2	0	0	1	17
chr16	29384290	29385649	2	2	1	0	1	9
chr16	29390349	29393947	2	2	1	0	7	29
chr16	29485834	29487193	2	2	1	0	1	9
chr16	29487400	29491466	2	2	1	0	2	36
chr16	29491875	29495478	2	2	1	0	7	29
chr16	29500275	29502988	2	2	0	0	2	14
chr16	29923957	29966596	2	2	0	0	1	36
chr16	30810496	30842800	2	2	0	0	2	46
chr16	30933729	30943517	1	1	0	0	1	27
chr16	31056726	31059689	1	3	1	0	1	33
chr16	32758604	32758695	1	1	1	0	10	21
chr16	33111713	33111804	2	2	1	0	10	21
chr16	56609058	56609262	1	1	1	0	21	46
chr16	56633406	56633750	1	1	1	0	29	28
chr16	56639330	56639858	1	1	1	0	7	38
chr16	56658741	56659072	1	1	1	0	8	34
chr16	56666971	56667311	2	2	1	0	59	35
chr16	56683231	56683957	1	1	1	0	1	32
chr16	57173870	57174168	2	2	1	0	3	10
chr16	58521739	58522104	1	1	0	0	1	40
chr16	66647260	66686484	1	1	0	0	1	33
chr16	67860228	67904452	2	2	0	0	1	18
chr16	69266152	69296507	1	1	0	0	4	29
chr16	69296794	69386280	1	1	0	0	2	23
chr16	69534788	69542084	2	2	0	0	2	41
chr16	69680880	69682507	2	4	0	0	1	37
chr16	70068071	70110708	1	1	0	0	3	46
chr16	70097428	70110708	1	1	0	0	3	46
chr16	70230485	70370825	0	0	0	0	4	36
chr16	70266099	70287036	1	1	0	0	4	29
chr16	70266099	70447626	1	1	0	0	4	29
chr16	71893393	71893689	2	2	0	0	1	39
chr16	71899809	71999056	1	1	0	0	2	31
chr16	75511720	75528629	2	2	0	1	0	30
chr16	81016258	81020989	1	3	0	0	2	44
chr16	89778463	89778800	2	2	1	0	1	4
chr17	678352	723333	1	1	0	0	1	38
chr17	793200	812159	2	2	0	0	1	37
chr17	1136523	1185994	2	2	0	0	1	25
chr17	1166782	1195089	2	2	0	0	1	34
chr17	1296285	1296599	2	2	0	0	1	29
chr17	1407206	1430852	1	1	0	0	2	39
chr17	1408724	1409863	1	3	0	0	1	25
chr17	3614655	3652398	2	4	0	0	1	31
chr17	3819343	3826798	1	1	0	0	2	46
chr17	3849864	3853329	1	1	0	0	2	31
chr17	4099641	4187762	1	1	0	0	4	46
chr17	4358739	4361313	1	1	0	0	1	25
chr17	4602554	4623846	2	2	0	0	1	44
chr17	4813633	4880672	1	1	0	0	2	47
chr17	4922867	4935089	1	1	0	0	1	39
chr17	5015827	5017536	2	2	0	0	1	31
chr17	5411439	5431361	2	2	0	0	1	13
chr17	5430342	5431361	2	2	0	0	1	13
chr17	5585406	5597237	2	2	0	0	2	14
chr17	7585756	7586368	1	3	0	0	1	44
chr17	7745210	7746773	1	1	0	0	1	25
chr17	8136448	8157729	2	4	0	0	1	27
chr17	8260768	8293694	1	1	0	0	1	35
chr17	8367999	8402512	1	1	0	0	1	12
chr17	9543437	9584764	1	1	0	0	1	45
chr17	9569883	9770042	1	1	0	0	5	33
chr17	15125511	15144816	1	1	0	0	1	31
chr17	16228621	16230093	2	2	0	0	4	46
chr17	17189271	17294932	2	2	0	0	3	46
chr17	17189277	17333921	2	2	0	0	3	40
chr17	17287286	17329210	2	2	0	0	2	43
chr17	18349521	18350213	0	0	0	0	4	46
chr17	18693455	18768298	2	2	0	0	2	46
chr17	18740994	18768298	2	2	0	0	2	46
chr17	19062259	19062475	1	1	0	0	1	39
chr17	19064047	19190155	2	2	0	0	73	46
chr17	19064309	19076233	1	1	0	0	2	23
chr17	19080121	19087714	1	1	1	0	3	19
chr17	19106982	19109026	1	1	0	0	2	30
chr17	19112547	19190155	2	2	0	0	73	46
chr17	19146358	19177632	1	1	0	0	1	45
chr17	19164373	19171958	2	2	1	0	3	19
chr17	19175971	19187843	2	2	0	0	2	23
chr17	19188778	19191716	2	2	0	0	2	21
chr17	19188778	19192208	2	2	0	0	2	21
chr17	19228997	19259400	2	2	0	0	1	37
chr17	19233144	19235188	1	1	0	0	2	30
chr17	19326610	19355756	2	2	0	0	1	45
chr17	19442311	19476602	2	2	0	0	1	43
chr17	20324254	20335831	1	1	1	0	1	45
chr17	29356222	29394253	2	2	0	0	1	17
chr17	29569963	29570437	1	3	1	0	1	21
chr17	30636284	30636811	2	2	0	0	4	40
chr17	30636284	30648788	2	2	0	0	1	18
chr17	30785026	30785352	1	3	0	0	2	33
chr17	32328654	32330309	1	3	0	0	1	22
chr17	32421802	32425030	1	3	0	0	1	18
chr17	35737003	35756716	2	2	0	0	1	44
chr17	38078347	38101402	1	1	1	0	1	43
chr17	38114887	38117539	1	1	1	0	1	40
chr17	38115137	38115370	2	4	0	0	3	44
chr17	38117741	38118186	1	1	1	0	8	28
chr17	38118284	38118407	1	1	1	0	3	34
chr17	38118442	38119292	1	1	1	0	6	7
chr17	38119408	38122799	1	1	1	0	9	42
chr17	38122965	38124038	1	1	1	0	52	40
chr17	38124144	38124569	1	1	1	0	47	45
chr17	38175606	38216996	2	2	0	0	2	25
chr17	38195941	38196366	2	2	1	0	47	45
chr17	38196472	38197545	2	2	1	0	52	40
chr17	38197711	38201104	2	2	1	0	9	42
chr17	38201220	38202071	2	2	1	0	6	7
chr17	38202106	38202237	2	2	1	0	3	34
chr17	38202335	38202780	2	2	1	0	8	34
chr17	38202982	38205634	2	2	1	0	1	40
chr17	38205151	38205384	1	3	0	0	3	44
chr17	38219124	38242200	2	2	1	0	1	43
chr17	40014360	40014553	2	2	1	0	2	3
chr17	40228111	40239166	1	1	0	0	1	17
chr17	42992351	42996062	2	2	0	0	1	43
chr17	43009540	43057620	1	1	0	0	1	44
chr17	43159069	43159506	2	2	0	0	3	16
chr17	45496328	45590616	2	2	0	0	2	44
chr17	45613397	45630606	1	1	0	0	1	14
chr17	46205469	46207296	1	1	0	0	1	41
chr17	46347781	46390474	1	1	0	0	1	39
chr17	46565716	46608095	1	1	0	0	1	39
chr17	47653437	47654192	0	0	0	0	3	45
chr17	48900047	48908903	2	2	1	0	1	3
chr17	52333162	52351797	1	1	0	0	1	34
chr17	58652855	58674237	2	2	0	0	1	22
chr17	58923604	58931244	1	1	0	0	4	30
chr17	59001131	59044497	1	1	0	0	3	42
chr17	59278302	59308245	1	1	0	0	1	31
chr17	59540485	59551276	2	2	0	0	1	39
chr17	59570664	59573115	1	1	1	0	2	39
chr17	59586234	59587895	1	1	1	0	9	32
chr17	59588054	59598736	1	1	1	0	2	21
chr17	59598852	59599374	1	1	1	0	5	42
chr17	59599484	59602521	1	1	1	0	3	22
chr17	59976133	59976655	2	2	1	0	5	42
chr17	59976771	59987446	2	2	1	0	2	21
chr17	59987605	59989263	2	2	1	0	4	32
chr17	59989345	59995952	2	2	1	0	1	37
chr17	59994135	59995048	1	5	0	0	2	26
chr17	59996040	59998137	2	2	1	0	1	42
chr17	60126866	60134755	2	2	1	0	1	13
chr17	62451118	62451861	1	3	0	0	2	29
chr17	62817363	62829830	2	2	0	0	1	39
chr17	67548378	67705390	1	1	0	0	3	47
chr17	67778551	67949300	1	1	0	0	4	20
chr17	67989407	68217900	2	2	0	0	4	22
chr17	68001735	68217900	2	2	0	0	4	22
chr17	68010143	68063645	2	2	0	0	2	33
chr17	73364814	73410509	1	1	0	0	2	16
chr17	74811234	74811624	1	1	0	0	1	37
chr17	75158433	75163347	2	4	0	0	1	30
chr17	75175715	75204930	2	2	0	0	1	32
chr17	75192009	75230088	1	3	0	0	1	26
chr17	75284376	75418519	2	4	0	0	4	27
chr17	75327311	75424648	2	2	0	0	2	34
chr17	75850494	75868387	2	4	0	0	1	37
chr17	76044782	76055001	1	3	0	0	1	28
chr17	76169847	76172513	2	2	0	0	1	42
chr17	76822036	76855109	2	2	0	0	3	28
chr17	82475386	82504742	1	1	0	0	1	41
chr17	82834193	82877584	2	2	0	0	1	46
chr18	2991981	3081103	2	4	0	0	3	26
chr18	6695998	6985907	0	0	0	0	4	45
chr18	7075910	7119718	2	4	0	0	1	27
chr18	7410778	7435097	2	2	0	0	4	39
chr18	12709203	12744899	1	3	0	0	1	42
chr18	21562399	21564998	2	2	0	0	3	36
chr18	22917971	23000713	2	4	0	0	3	27
chr18	37074861	37101189	1	1	0	0	6	13
chr18	46126768	46128074	1	1	1	0	1	35
chr18	46161634	46432874	1	1	0	0	8	39
chr18	48962026	48962211	2	2	1	0	1	3
chr18	58806823	58909188	1	1	0	0	6	24
chr19	515597	558480	1	1	0	0	1	46
chr19	566206	832864	1	1	0	0	5	46
chr19	574339	832864	1	1	0	0	5	46
chr19	1520951	1570390	2	4	0	0	1	39
chr19	2522560	2598442	1	1	0	0	2	40
chr19	2936705	2939280	2	2	1	0	1	44
chr19	2952355	2974160	1	1	0	0	6	40
chr19	3301058	3327399	1	3	0	0	3	27
chr19	3879297	3928203	2	2	0	0	1	45
chr19	4156802	4177883	2	2	0	0	1	12
chr19	4281694	4282355	1	1	0	0	1	30
chr19	4612874	4626372	2	2	0	0	1	46
chr19	4798394	4799691	1	1	0	0	2	18
chr19	4812496	4919534	2	2	0	0	3	39
chr19	4839898	4862364	2	2	0	0	3	29
chr19	6461360	6490537	1	1	0	0	1	46
chr19	6569411	6614004	1	3	0	0	2	31
chr19	6612721	6627500	2	2	0	0	1	46
chr19	6780805	7073386	2	2	0	0	4	41
chr19	7282301	7282908	1	1	0	0	2	36
chr19	8224380	8317481	2	4	0	0	3	27
chr19	8282424	8329273	1	1	0	0	1	46
chr19	8297277	8329273	1	1	0	0	1	46
chr19	8323539	8324448	2	2	1	1	0	5
chr19	9131791	9159322	2	2	0	0	1	42
chr19	9646156	9665817	2	2	0	0	2	28
chr19	10500725	10527179	1	3	0	0	1	24
chr19	10501415	10542318	1	1	0	0	1	31
chr19	10652445	10652623	2	2	0	0	1	29
chr19	10657588	10715217	1	1	0	0	2	46
chr19	10867884	10910796	2	2	0	0	2	46
chr19	11045106	11153546	1	1	0	0	3	41
chr19	11118823	11150948	1	1	0	0	1	33
chr19	11254476	11315017	2	2	0	0	2	36
chr19	11654114	11696344	2	2	0	0	1	33
chr19	12077924	12123949	1	1	0	0	3	45
chr19	12135928	12149759	1	1	1	0	1	3
chr19	12487838	12502995	2	2	0	0	1	42
chr19	12509247	12516166	1	3	0	0	1	27
chr19	12529957	12645047	2	4	0	0	3	27
chr19	12604797	12631704	2	4	0	0	1	27
chr19	12683812	12732825	1	1	0	0	2	36
chr19	13690200	13708566	2	2	0	0	1	19
chr19	13737572	13761164	1	1	0	0	1	46
chr19	13990603	14013623	1	1	0	0	1	46
chr19	13990603	14034737	1	1	0	0	1	46
chr19	14376797	14399536	2	4	0	0	1	27
chr19	14391080	14397657	1	1	1	0	11	6
chr19	14645595	14651977	1	1	0	0	1	32
chr19	14765805	14772341	2	2	1	0	11	6
chr19	14785957	14787265	2	2	0	0	2	16
chr19	15224585	15229816	1	1	0	0	1	43
chr19	15377701	15412774	2	2	0	0	4	41
chr19	17524530	17563593	2	2	0	0	2	42
chr19	17714784	17740355	2	2	0	0	5	46
chr19	17976230	18012509	2	2	0	1	0	23
chr19	18559070	18665138	2	2	0	0	3	38
chr19	19361872	19384263	2	2	0	0	4	41
chr19	19664557	19929707	1	1	0	0	11	32
chr19	19671732	19702119	2	2	0	0	2	46
chr19	19834006	19838150	2	2	0	0	2	40
chr19	20105317	20125005	1	1	1	0	1	13
chr19	21020804	21022788	1	1	1	0	3	10
chr19	21033583	21034088	1	1	1	0	2	40
chr19	21117773	21118511	0	0	0	0	4	31
chr19	21142134	21143550	1	1	0	0	1	31
chr19	21188902	21189864	1	1	0	0	1	28
chr19	21397268	21405128	1	1	1	0	2	38
chr19	21405256	21405760	1	1	1	0	1	42
chr19	21556980	21575855	1	1	0	0	2	46
chr19	21744113	21744940	2	2	1	0	3	42
chr19	22072936	22073468	1	1	1	0	1	26
chr19	23662210	23663031	2	2	1	0	2	26
chr19	33088739	33200313	2	2	0	0	3	38
chr19	34262477	34276223	0	0	0	0	4	42
chr19	34271667	34357092	2	4	0	0	2	26
chr19	34400839	34400974	2	4	0	0	2	36
chr19	35565857	35688742	2	4	0	0	3	28
chr19	36124776	36155081	2	2	0	0	2	39
chr19	36174827	36220643	1	1	0	0	2	38
chr19	37737961	37746624	1	3	0	0	3	27
chr19	38875619	38882578	1	1	0	0	1	26
chr19	39936409	39948531	1	1	1	0	1	3
chr19	39942720	39948531	1	1	1	0	1	3
chr19	40406170	40551916	2	2	0	0	4	47
chr19	40723746	40743481	2	2	0	0	1	37
chr19	40831683	40835218	1	1	0	0	1	30
chr19	43459355	43474092	2	2	0	0	1	45
chr19	43477744	43509432	1	1	0	0	1	32
chr19	43507173	43552366	2	2	0	0	1	15
chr19	43507173	43553293	2	2	0	0	1	15
chr19	45086145	45086989	1	3	0	0	1	39
chr19	45723886	45730848	2	2	0	0	1	18
chr19	46657497	46748320	1	1	0	0	2	43
chr19	46830503	47030254	2	2	0	0	5	46
chr19	47014870	47030254	2	2	0	0	5	46
chr19	47143336	47254705	2	2	0	0	10	46
chr19	47771154	47791998	2	4	0	0	1	46
chr19	47782623	47789673	2	2	0	0	4	38
chr19	48249848	48255791	2	2	1	0	4	42
chr19	48263185	48270144	2	2	1	0	1	8
chr19	48346174	48347638	2	2	0	0	1	42
chr19	48418264	48570954	2	2	0	0	4	44
chr19	49032105	49032503	1	1	1	0	1	9
chr19	49035731	49045018	1	1	0	0	1	23
chr19	50218211	50619613	0	0	0	0	4	44
chr19	50463814	50505535	2	2	0	0	2	18
chr19	52300485	52314152	1	1	1	0	1	13
chr19	52314280	52315833	1	1	1	0	1	16
chr19	52512638	52597299	2	2	0	0	2	20
chr19	52543348	52547511	1	1	1	0	3	21
chr19	52555918	52597299	2	2	0	0	1	34
chr19	52576022	52582201	1	1	1	0	2	4
chr19	52583332	52596824	2	2	0	0	1	24
chr19	52655688	52690442	2	2	1	0	1	22
chr19	52808134	52817943	2	2	1	0	2	22
chr19	52811365	52811597	1	1	0	0	3	43
chr19	52811365	52919824	1	1	0	0	3	43
chr19	52849214	52854257	2	2	1	0	2	22
chr19	52880271	52894794	2	2	0	0	1	43
chr19	52888254	52890240	2	2	1	0	1	5
chr19	52974493	53100395	1	1	0	0	3	46
chr19	53369957	53412751	2	2	0	0	2	41
chr19	55252750	55315141	2	2	0	0	2	22
chr19	55299598	55315141	2	2	0	0	2	22
chr19	55959490	55990595	1	3	0	0	8	41
chr19	57819946	57853775	1	1	0	0	2	13
chr19	57839150	57840837	1	1	1	0	1	4
chr19	57840909	57856106	1	1	0	0	4	38
chr19	57850072	57853775	1	1	1	0	2	13
chr19	57889009	57912059	2	2	0	0	1	16
chr20	15206937	15234232	2	2	0	0	1	33
chr20	15377123	15401270	2	2	0	0	3	39
chr20	18228629	18277611	2	2	0	0	2	46
chr20	25751339	25752562	1	1	1	0	6	26
chr20	28941734	28953419	2	2	0	0	1	43
chr20	29080740	29082601	1	1	1	0	1	4
chr20	29081403	29082601	1	1	1	0	3	20
chr20	29082664	29091593	1	1	1	0	3	43
chr20	29101551	29102725	1	1	1	0	3	38
chr20	29480183	29481357	2	2	1	0	6	38
chr20	29481469	29482453	2	2	1	0	9	45
chr20	29485842	29488098	0	0	1	0	1	44
chr20	29494956	29496149	2	2	1	0	2	10
chr20	29494956	29496812	2	2	1	0	1	4
chr20	31737116	31738094	1	3	0	0	1	27
chr20	34101906	34196405	2	2	0	0	5	46
chr20	34429058	34431931	2	4	0	0	1	39
chr20	34889480	34893609	2	2	0	0	2	16
chr20	35476992	35480735	1	3	0	0	1	40
chr20	35550403	35571220	1	1	0	0	1	46
chr20	35746854	35763814	1	3	0	0	2	27
chr20	36579404	36776671	2	2	0	0	3	34
chr20	36925129	36949236	2	4	0	0	2	27
chr20	43614854	43615106	1	3	0	0	1	27
chr20	44305586	44306159	1	3	0	0	1	40
chr20	47431543	47469346	1	3	0	0	1	27
chr20	50155233	50165402	2	2	0	0	1	22
chr20	51342149	51361843	1	1	0	0	2	47
chr20	51754284	51775032	2	2	0	0	1	36
chr20	51809943	51825366	1	1	0	0	1	39
chr20	53349625	53383733	2	4	0	0	1	27
chr20	53619319	53633471	2	2	0	0	3	18
chr20	56552847	56577995	1	1	0	0	1	25
chr20	63525677	63610306	1	1	0	0	3	46
chr20	63525677	63630209	1	1	0	0	3	46
chr20	63630210	63826507	1	1	0	0	5	46
chr21	6318605	6320848	1	1	1	0	1	35
chr21	6318605	6320871	1	1	1	0	26	46
chr21	6318605	6320882	1	1	1	0	26	42
chr21	6318605	6322599	1	1	1	0	3	8
chr21	6318605	6329547	1	1	1	0	7	41
chr21	6320975	6322599	1	1	1	0	3	41
chr21	6322698	6323870	1	1	1	0	1	26
chr21	6322698	6323873	1	1	1	0	1	31
chr21	6322698	6329547	1	1	1	0	34	40
chr21	6322698	6353085	1	1	1	0	1	8
chr21	6324087	6329547	1	1	1	0	13	46
chr21	6327660	6328657	2	2	0	0	1	35
chr21	6329624	6330865	1	1	1	0	1	25
chr21	6330922	6332408	1	1	1	0	9	41
chr21	6346302	7073004	2	2	0	0	4	40
chr21	6346302	7454782	2	2	0	0	4	40
chr21	6348305	6353085	1	1	1	0	2	8
chr21	6356853	6356914	0	0	0	0	6	37
chr21	6632210	6632271	0	0	0	0	6	36
chr21	6636041	6640821	2	2	1	0	2	8
chr21	6636041	6666428	2	2	1	0	1	8
chr21	6656718	6658204	2	2	1	0	9	41
chr21	6658261	6659502	2	2	1	0	1	25
chr21	6659579	6665039	2	2	1	0	13	46
chr21	6659579	6666428	2	2	1	0	34	40
chr21	6659579	6670521	2	2	1	0	7	41
chr21	6665253	6666428	2	2	1	0	1	31
chr21	6666527	6668151	2	2	1	0	3	41
chr21	6666527	6670521	2	2	1	0	3	8
chr21	6668244	6670521	2	2	1	0	26	42
chr21	6668255	6670521	2	2	1	0	26	46
chr21	6668278	6670521	2	2	1	0	1	35
chr21	6986649	6992109	2	2	1	0	13	46
chr21	6986649	6993498	2	2	1	0	34	40
chr21	6986649	6997591	2	2	1	0	7	41
chr21	6987831	6993498	2	2	1	0	1	3
chr21	6992323	6993498	2	2	1	0	1	31
chr21	6993597	6995221	2	2	1	0	3	41
chr21	6993597	6997591	2	2	1	0	3	8
chr21	6995314	6997591	2	2	1	0	26	42
chr21	6995325	6997591	2	2	1	0	26	46
chr21	7085683	7086967	1	1	1	0	1	27
chr21	7086457	7086967	1	1	1	0	1	10
chr21	7129427	7131051	1	3	0	0	5	24
chr21	7467461	7468745	1	1	1	0	1	27
chr21	7468235	7468745	1	1	1	0	1	10
chr21	7616492	7617320	1	1	1	0	1	11
chr21	7625580	7627204	2	4	0	0	5	24
chr21	7669660	7670170	2	2	1	0	1	10
chr21	7669660	7670944	2	2	1	0	1	27
chr21	7669885	7670345	1	1	0	0	1	33
chr21	7683405	7683848	0	0	0	0	4	43
chr21	8105227	8106055	2	2	1	0	1	11
chr21	8759139	8761275	1	1	1	0	3	22
chr21	8792475	8792570	2	2	0	0	1	29
chr21	9077715	9127488	2	2	1	0	2	18
chr21	9141641	9183359	0	0	0	0	4	35
chr21	22361511	22614923	1	3	0	0	8	41
chr21	26742713	26791979	2	2	0	0	1	31
chr21	26788663	26791979	2	2	0	0	1	31
chr21	27087113	27090794	1	1	0	0	1	39
chr21	31032261	31096693	1	1	0	0	2	46
chr21	31369025	31567305	1	1	0	0	3	46
chr21	31920921	31955359	1	1	0	0	1	30
chr21	33360234	33361758	2	4	0	0	4	43
chr21	36170569	36175765	2	4	1	0	1	10
chr21	36263022	36301170	1	1	0	0	1	39
chr21	36412593	36440108	2	2	0	0	2	35
chr21	42913686	42914092	2	4	0	0	2	38
chr21	46301256	46301395	2	4	0	0	2	28
chr22	11684012	11684107	2	2	0	0	1	29
chr22	11825548	11832760	1	1	1	0	3	34
chr22	12115649	12152240	1	1	0	0	1	15
chr22	12159593	12166829	2	2	1	0	4	37
chr22	12298879	12309647	2	2	1	0	1	3
chr22	17436041	17578066	2	2	0	0	3	15
chr22	17498364	17521497	2	4	0	0	1	27
chr22	17602457	17661174	2	2	0	0	2	32
chr22	18173843	18176771	1	1	1	0	1	46
chr22	18202914	18205509	2	2	0	0	1	30
chr22	18345449	18345752	1	1	1	0	1	5
chr22	18419299	18421768	1	1	0	0	1	30
chr22	18516648	18516951	2	2	1	0	1	5
chr22	18736091	18736558	1	1	1	0	1	19
chr22	18736584	18739529	1	1	1	0	1	25
chr22	18773969	18774272	2	2	1	0	1	5
chr22	18892928	18896693	1	1	0	0	1	28
chr22	18894394	18896693	1	1	0	0	1	28
chr22	20696545	21121831	2	2	0	0	4	45
chr22	20732002	20896571	2	4	0	0	4	40
chr22	21106246	21115928	1	1	1	0	5	6
chr22	21117259	21118203	1	1	1	0	1	26
chr22	21118950	21121930	1	1	1	0	1	46
chr22	21129934	21130461	0	0	0	0	3	45
chr22	21170005	21170472	1	1	1	0	1	19
chr22	21170498	21173443	1	1	1	0	1	25
chr22	21280069	21280596	2	2	0	0	3	42
chr22	21288470	21288512	2	2	0	0	2	35
chr22	21288585	21291565	2	2	1	0	1	46
chr22	21292312	21293256	2	2	1	0	1	26
chr22	21319357	21322302	2	2	1	0	1	25
chr22	21322328	21322795	2	2	1	0	1	19
chr22	21329945	21427536	2	2	0	0	3	34
chr22	21358993	21543044	0	0	0	0	39	45
chr22	21391720	21428465	1	1	0	0	2	46
chr22	21488382	21491993	2	2	1	0	1	14
chr22	21488411	21491993	2	2	1	0	1	27
chr22	21607488	21647844	2	4	0	0	1	26
chr22	23967023	23967385	1	1	1	0	354	46
chr22	23971624	23973553	2	2	0	0	2	44
chr22	23971624	23973767	2	2	1	0	320	44
chr22	23971624	23974306	2	2	0	0	2	44
chr22	23973344	23973767	2	2	1	0	2	17
chr22	23973944	23974306	2	2	1	0	354	46
chr22	25034820	25036162	2	2	0	0	1	39
chr22	25034820	25075573	2	2	0	0	1	39
chr22	28860440	28881723	2	2	0	0	1	39
chr22	29199623	29229578	1	1	0	0	1	32
chr22	29345767	29357145	2	2	0	0	1	19
chr22	30660901	30692267	2	4	0	0	2	17
chr22	31067791	31219804	2	2	0	0	3	41
chr22	31261469	31303451	2	2	0	0	1	45
chr22	31361524	31376373	1	1	0	0	2	31
chr22	31428294	31455480	2	2	0	0	2	33
chr22	31470948	31514069	1	1	0	0	1	20
chr22	31667588	31708071	2	2	0	0	1	36
chr22	35007617	35089807	1	1	0	0	3	33
chr22	36128069	36157972	2	2	0	0	3	45
chr22	38550854	38553878	2	2	0	0	1	44
chr22	38568290	38569074	2	2	0	0	2	47
chr22	38577392	38646494	2	2	0	0	3	46
chr22	39529918	39530505	2	2	0	0	3	46
chr22	40274656	40311778	1	1	0	0	1	43
chr22	41721012	41749036	2	2	0	0	1	39
chr22	41721012	41761546	2	2	0	0	1	39
chr22	41721012	41764192	2	2	0	0	1	39
chr22	43088576	43116689	2	2	0	0	2	39
chr22	44022972	44059269	2	2	0	0	1	40
chr22	46444988	46468856	2	2	0	0	2	43
chr22	50377223	50388642	1	1	0	0	3	19
chrX	764707	782477	2	2	0	0	7	39
chrX	2390369	2391737	2	2	0	0	3	21
chrX	7843753	7843812	1	1	1	0	2	15
chrX	16622375	16686876	2	4	0	0	3	19
chrX	18824752	18834355	2	4	0	0	2	27
chrX	19445417	19521241	2	2	0	0	2	29
chrX	28985892	29008408	2	2	0	0	1	31
chrX	30568174	30586165	1	1	0	0	1	32
chrX	40567457	40569912	2	4	0	0	1	27
chrX	46450476	46451565	1	1	0	0	3	17
chrX	46450476	46462747	1	1	1	0	2	27
chrX	46451615	46451709	1	1	0	0	3	28
chrX	46473211	46473378	2	2	0	0	1	34
chrX	46473277	46473360	2	2	0	0	2	47
chrX	48257861	48258535	1	1	1	0	1	40
chrX	48545024	48548300	1	1	0	0	4	44
chrX	49689544	49691248	2	2	1	0	1	20
chrX	51491750	51495950	2	2	1	0	8	41
chrX	51515764	51535012	1	1	0	0	1	32
chrX	51628845	51650345	2	2	0	0	1	31
chrX	51898194	51898284	1	1	1	0	2	15
chrX	51898328	51898580	1	1	1	0	1	41
chrX	52064544	52064628	2	2	1	0	2	15
chrX	52495910	52497315	1	1	1	0	2	30
chrX	52496230	52497315	1	1	1	0	1	30
chrX	52497458	52497984	1	1	1	0	23	46
chrX	52497474	52497984	1	1	1	0	3	45
chrX	52498112	52500701	1	1	1	0	36	47
chrX	52512188	52514777	2	2	1	0	36	47
chrX	52514905	52515415	2	2	1	0	3	45
chrX	52514905	52515431	2	2	1	0	23	46
chrX	52515574	52516659	2	2	1	0	1	30
chrX	52515574	52516979	2	2	1	0	2	30
chrX	64480109	64517156	1	1	0	0	1	41
chrX	71025160	71069835	1	1	0	0	1	35
chrX	71065702	71077335	1	3	0	0	1	45
chrX	71140223	71260162	1	3	0	0	9	45
chrX	73994962	74011026	1	1	1	0	1	3
chrX	75185621	75235355	1	1	0	0	1	21
chrX	75540651	75562451	1	1	0	0	1	26
chrX	76290360	76417251	1	1	0	0	4	34
chrX	76600733	76636923	1	1	0	0	4	37
chrX	76600733	76663928	1	1	0	0	4	37
chrX	76927236	76945985	2	2	0	0	2	32
chrX	82996541	83030881	2	2	0	0	2	38
chrX	87868759	87881640	2	2	0	1	0	17
chrX	97436038	97519943	2	2	0	0	3	14
chrX	101064469	101100503	2	2	0	0	1	38
chrX	101615468	101616671	2	2	0	0	1	32
chrX	101615761	101616671	2	2	1	0	12	45
chrX	101616767	101617502	2	2	1	0	1	11
chrX	102317153	102317378	1	1	1	0	2	10
chrX	102326324	102326469	1	1	1	0	1	44
chrX	102360646	102360791	2	2	1	0	1	44
chrX	102369737	102369962	2	2	1	0	2	10
chrX	103215765	103216148	1	1	1	0	12	29
chrX	103309982	103310357	2	2	1	0	12	29
chrX	103962724	103964505	1	1	1	0	32	46
chrX	103964295	103964505	1	1	1	0	2	5
chrX	103964623	103965538	1	1	1	0	14	28
chrX	103966453	103976724	1	1	0	0	1	27
chrX	103976302	103976724	1	1	1	0	1	3
chrX	104060850	104061682	2	4	1	0	20	25
chrX	104061879	104062078	2	2	1	0	10	34
chrX	104062138	104062560	2	2	1	0	1	3
chrX	104062138	104072410	2	2	0	0	1	27
chrX	104073325	104074240	2	2	1	0	14	28
chrX	104074358	104076139	2	2	1	0	32	46
chrX	119525060	119544747	2	4	0	0	3	27
chrX	120072846	120075899	2	2	1	0	1	45
chrX	120075946	120076876	2	2	1	0	2	26
chrX	120159427	120160357	1	1	1	0	2	26
chrX	120160404	120163457	1	1	1	0	1	45
chrX	120180233	120240226	2	2	1	0	1	16
chrX	120496307	120497056	1	1	0	0	1	24
chrX	123826315	123849540	1	1	0	0	1	30
chrX	135032891	135033330	1	1	0	0	1	25
chrX	135051369	135051916	2	2	1	0	2	42
chrX	135051477	135051916	2	2	1	0	4	7
chrX	135120673	135123240	1	1	1	0	1	40
chrX	135249302	135251865	2	2	1	0	1	40
chrX	141589840	141590486	1	1	1	0	2	12
chrX	141697687	141698333	2	2	1	0	2	12
chrX	149179595	149264880	1	1	0	0	6	20
chrX	149545501	149545601	1	1	1	0	1	42
chrX	149545884	149546738	1	1	1	0	25	47
chrX	149546918	149549415	1	1	1	0	9	38
chrX	149555542	149557567	2	4	0	0	1	19
chrX	149921930	149923955	1	3	0	0	1	19
chrX	149930082	149932588	2	2	1	0	10	47
chrX	149932768	149933621	2	2	1	0	25	47
chrX	152759685	152759842	1	1	1	0	1	37
chrX	153758509	153758924	0	0	0	0	3	43
chrX	154088692	154121167	2	2	0	0	1	39
chrX	154558651	154561687	1	1	1	0	1	21
chrX	154564021	154564318	1	1	1	0	5	11
chrX	154632587	154633283	2	2	0	0	1	28
chrX	154640119	154640416	2	2	1	0	5	11
chrX	155348891	155349581	1	1	1	0	6	45
chrX	155491667	155492356	2	2	1	0	6	45
chrX	155492496	155506897	2	2	1	0	10	44
chrY	764707	782477	2	2	0	0	7	39
chrY	2390369	2391737	2	2	0	0	3	21
chrY	13744232	13774222	1	1	0	0	5	41
chrY	19624392	19640895	1	1	0	0	1	21
MU273365.1	9709	56833	1	1	0	0	1	46
ML143376.1	202444	225464	1	1	0	0	1	46
ML143376.1	202444	246578	1	1	0	0	1	46
MU273333.1	177687	218987	2	4	0	0	1	22
MU273333.1	233820	257835	2	2	0	0	6	42
MU273333.1	493354	701872	1	1	0	0	6	29
MU273333.1	868513	1309952	1	1	0	0	6	36
MU273333.1	956590	1309952	1	1	0	0	6	36
MU273333.1	989703	991375	1	1	0	0	1	36
KN538369.1	294923	338956	2	2	0	0	1	29
KZ208920.1	446134	446220	2	2	1	0	1	18
KZ208920.1	446252	446356	2	2	1	0	1	31
KZ559109.1	201233	212176	2	2	0	0	1	33
MU273364.1	229776	266196	2	2	0	0	2	40
MU273342.1	88635	92761	1	1	1	0	2	6
MU273342.1	92877	93041	1	1	1	0	12	42
MU273342.1	93216	97584	1	1	1	0	3	26
MU273342.1	154632	156295	1	1	1	0	1	6
MU273342.1	156325	156418	1	1	1	0	1	29
MU273342.1	156492	158156	1	1	1	0	1	12
MU273342.1	158353	160013	1	1	1	0	1	4
MU273342.1	160043	160135	1	1	1	0	1	29
MU273342.1	161925	162026	1	1	1	0	3	9
MU273342.1	162100	163784	1	1	1	0	3	12
MU273342.1	163814	163915	1	1	1	0	1	9
MU273342.1	186440	188116	1	1	1	0	5	23
MU273342.1	188146	188239	1	1	1	0	6	29
MU273342.1	188313	189998	1	1	1	0	4	29
MU273342.1	190028	190122	1	1	1	0	3	29
MU273342.1	190196	191874	1	1	1	0	10	29
MU273342.1	191904	191997	1	1	1	0	12	38
MU273342.1	192071	193747	1	1	1	0	4	19
MU273342.1	193777	193871	1	1	1	0	3	10
MU273342.1	193777	199503	1	1	0	0	4	30
MU273342.1	193945	199503	1	1	1	0	19	45
MU273342.1	193945	199506	1	1	1	0	5	44
MU273342.1	199578	208427	1	1	1	0	29	42
MU273342.1	208570	209822	1	1	0	0	1	42
MU273342.1	208570	215963	1	1	1	0	63	44
MU273342.1	209900	215963	1	1	0	0	4	41
MU273342.1	216178	218543	1	1	1	0	9	14
MU273342.1	218728	219854	1	1	1	0	3	36
MU273342.1	222327	223841	1	1	1	0	14	45
MU273342.1	223913	224249	1	1	1	0	2	31
MU273342.1	224344	224841	1	1	1	0	2	28
MU273342.1	234430	266290	0	0	0	0	3	45
MU273342.1	252689	253273	1	1	0	0	1	32
MU273342.1	259484	259575	1	1	1	0	6	28
MU273342.1	259706	260000	1	1	1	0	3	33
MU273342.1	259706	266237	1	1	1	0	6	20
MU273342.1	391140	423500	0	0	0	0	3	42
MU273342.1	397441	397735	2	2	0	0	3	33
MU273342.1	433097	433594	2	2	1	0	2	28
MU273342.1	433689	434025	2	2	1	0	2	31
MU273342.1	434097	435611	2	2	1	0	14	45
MU273342.1	438084	439210	2	2	1	0	3	36
MU273342.1	439395	441762	2	2	1	0	9	14
MU273342.1	441977	448026	2	2	0	0	1	41
MU273342.1	441977	449356	2	2	1	0	63	44
MU273342.1	441977	462330	2	2	0	0	1	45
MU273342.1	448104	449356	2	2	0	0	1	42
MU273342.1	449499	458341	2	2	1	0	26	42
MU273342.1	458416	462330	2	2	1	0	7	20
MU273342.1	464272	464365	2	2	1	0	11	29
MU273342.1	464395	466064	2	2	1	0	7	29
MU273342.1	466261	467941	2	2	1	0	1	12
MU273342.1	468015	468109	2	2	1	0	4	29
MU273342.1	468139	469820	2	2	1	0	4	29
MU273342.1	469894	469987	2	2	1	0	6	29
MU273342.1	470017	471696	2	2	1	0	5	23
MU273342.1	474307	475449	2	2	0	0	1	22
MU273342.1	475646	477319	2	2	1	0	1	20
MU273342.1	477512	479198	2	2	1	0	1	12
MU273342.1	479272	479373	2	2	1	0	1	9
MU273342.1	481164	481256	2	2	1	0	3	29
MU273342.1	481286	482967	2	2	1	0	3	9
MU273342.1	483041	483134	2	2	1	0	5	38
MU273342.1	483164	484829	2	2	1	0	4	29
MU273342.1	484903	484996	2	2	1	0	1	29
MU273342.1	485026	486695	2	2	1	0	1	6
MU273342.1	486892	510974	2	2	1	0	1	12
MU273342.1	505075	506492	2	2	1	0	3	19
MU273342.1	506600	510974	2	2	1	0	6	34
MU273342.1	511149	511314	2	2	1	0	12	42
MU273342.1	511430	515555	2	2	1	0	1	6
MU273374.1	778369	779790	1	1	1	0	1	29
MU273374.1	779941	787767	1	1	1	0	4	35
MU273374.1	846439	846459	1	1	0	0	1	33
MU273374.1	914897	917085	2	2	0	0	1	19
MU273374.1	923534	924573	2	2	0	0	4	45
KV575244.1	375266	403370	0	0	0	0	3	42
KV575244.1	421108	438714	2	2	0	0	3	41
MU273377.1	64497	69228	1	3	0	0	2	44
KZ208912.1	222257	227959	2	2	0	0	3	42
KZ208912.1	397486	403188	1	1	0	0	3	42
KZ208915.1	606742	606860	2	2	0	0	1	34
KZ208915.1	606742	606979	2	2	0	0	1	34
KZ208915.1	606912	607030	2	2	0	0	1	35
KZ208915.1	3469129	3507109	1	1	0	0	1	15
KZ208915.1	3721730	3776299	1	1	0	0	4	21
KV880768.1	1122966	1273267	1	1	0	0	3	29
KV880768.1	1236671	1237667	1	1	0	0	1	41
GL383546.1	170576	255250	2	2	0	0	7	43
KI270905.1	530038	532019	2	4	0	0	1	42
KI270905.1	2375485	2376738	1	1	1	0	4	32
KI270905.1	2668257	2671738	2	2	1	0	3	39
KI270905.1	2671864	2678129	2	2	1	0	4	40
KI270850.1	69291	69561	2	4	0	0	1	39
KI270850.1	85749	239861	1	1	0	0	10	46
KI270850.1	85762	174424	2	2	0	0	7	37
KI270850.1	117280	271406	1	1	0	0	10	37
KI270850.1	148294	148564	2	4	0	0	1	39
KI270850.1	174412	239861	1	1	0	0	10	46
KI270850.1	261167	263408	0	0	0	0	4	33
KI270850.1	266379	266473	2	2	1	0	3	19
KI270850.1	267007	302998	2	2	1	0	2	8
KQ031389.1	1892889	1893544	2	2	1	0	1	32
KQ031389.1	2142790	2143442	1	1	1	0	1	32
MU273375.1	137528	144733	2	2	1	0	1	33
KI270853.1	297242	297350	1	1	1	0	1	19
KI270853.1	297387	298935	1	1	0	0	1	36
KI270853.1	299026	299153	2	2	0	0	2	24
KI270853.1	528307	528433	1	1	1	0	1	32
KI270853.1	529019	529084	1	1	1	0	1	6
KI270853.1	537264	537357	1	1	1	0	2	36
KI270853.1	537569	537658	1	1	1	0	10	20
KI270853.1	537786	539447	1	1	1	0	5	44
KI270853.1	538164	538251	0	0	0	0	3	42
KI270853.1	539565	550694	1	1	1	0	1	8
KI270853.1	550824	555176	1	1	1	0	1	8
KI270853.1	555306	558925	1	1	1	0	1	11
KI270853.1	650847	652262	2	2	1	0	2	10
KI270853.1	687283	698273	2	2	0	0	1	26
KI270853.1	717653	717711	1	1	0	0	1	24
KI270853.1	717653	717780	1	1	0	0	2	24
KI270853.1	717653	717906	1	1	0	0	2	24
KI270853.1	717871	719476	2	2	0	0	1	36
KI270853.1	718118	719476	2	2	1	0	1	36
KI270853.1	719513	719621	2	2	1	0	2	19
KI270853.1	723899	724061	2	2	1	0	5	31
KI270853.1	727927	732086	2	2	1	0	3	23
KI270853.1	727927	734339	2	2	0	0	1	46
KI270853.1	734578	736243	2	2	1	0	9	44
KI270853.1	736371	736460	2	2	1	0	5	22
KI270853.1	736672	736765	2	2	1	0	2	36
KI270853.1	737814	738049	2	4	0	0	1	44
KI270853.1	739235	739414	2	2	1	0	2	10
KI270853.1	744931	744996	2	2	1	0	1	6
KI270853.1	745584	745710	2	2	1	0	1	32
KI270853.1	753515	753782	2	2	1	0	1	13
KI270853.1	753855	753975	2	2	1	0	5	46
KI270853.1	755878	756306	2	4	0	0	1	40
KI270853.1	791226	791294	2	2	0	0	1	36
KI270853.1	810737	821740	1	1	0	0	1	26
KI270853.1	814324	837099	1	1	1	0	1	5
KI270853.1	856767	858183	1	1	1	0	2	10
KI270853.1	1021805	1021861	1	1	0	0	3	43
KI270853.1	1022016	1023374	2	2	1	0	9	36
KI270853.1	1023411	1023519	2	2	1	0	6	19
KI270853.1	1023581	1024598	2	2	1	0	1	6
KI270853.1	1024707	1027656	2	2	1	0	2	21
KI270853.1	2123442	2124813	2	2	0	0	1	38
KI270853.1	2186103	2186471	2	2	0	0	1	30
KI270853.1	2235870	2261222	2	2	0	0	1	21
GL000258.2	579654	581485	2	2	0	0	1	41
GL000258.2	1176257	1180627	2	4	0	0	1	27
GL000258.2	1328353	1332722	1	3	0	0	1	27
KI270908.1	315534	332730	1	1	0	0	1	14
KI270908.1	980876	1229004	2	2	0	0	5	36
KI270908.1	1085422	1127762	1	1	0	0	1	39
KV766198.1	109895	110587	0	0	0	0	4	46
KI270857.1	56748	75270	2	2	0	0	1	22
KI270857.1	2117619	2129115	2	2	0	0	1	20
GL949752.1	223786	301499	1	1	0	0	2	44
KV880763.1	427342	496053	1	1	0	0	2	17
KZ208904.1	39287	40232	1	3	0	0	2	26
KZ208904.1	64595	69167	1	1	0	0	3	37
KI270879.1	203386	203748	1	1	1	0	354	46
KI270879.1	207988	209917	2	2	0	0	2	44
KI270879.1	207988	210131	2	2	1	0	320	44
KI270879.1	207988	210670	2	2	0	0	2	44
KI270879.1	209708	210131	2	2	1	0	2	17
KI270879.1	210308	210670	2	2	1	0	354	46
MU273337.1	174786	183596	1	1	0	0	2	32
MU273337.1	178473	178595	2	2	0	0	3	37
MU273337.1	422516	422638	1	1	0	0	3	37
KQ983256.1	189851	429081	1	1	0	0	4	40
KQ983256.1	247191	262295	2	2	0	0	1	32
KI270897.1	112640	133075	1	1	0	0	1	30
KI270897.1	141264	145735	1	1	1	0	2	44
KI270897.1	492452	523803	2	2	0	0	3	33
KI270897.1	492452	549186	2	2	0	0	8	46
KI270897.1	492452	651350	2	2	0	0	8	46
KI270897.1	723423	727896	2	2	1	0	1	44
KI270897.1	723423	748326	2	2	1	0	2	44
GL339449.2	191211	229266	2	2	0	0	2	45
GL339449.2	350003	350675	1	1	1	0	3	9
GL339449.2	350727	351101	1	1	1	0	1	31
GL339449.2	351133	375337	2	2	0	0	3	32
GL339449.2	351157	375153	1	1	1	0	1	5
GL339449.2	355494	361685	1	1	1	0	29	39
GL339449.2	361777	361994	1	1	1	0	10	31
GL339449.2	362083	362730	1	1	1	0	28	45
GL339449.2	362839	365337	1	1	1	0	29	41
GL339449.2	365402	368557	1	1	1	0	34	45
GL339449.2	368662	369217	1	1	1	0	49	47
GL339449.2	369321	373290	1	1	1	0	138	40
GL339449.2	373331	375041	1	1	1	0	117	41
GL339449.2	381378	381867	1	1	0	0	1	39
GL339449.2	382227	382851	1	3	0	0	2	38
GL339449.2	486871	936785	2	2	0	0	7	46
GL339449.2	486871	1055931	2	2	0	0	7	46
GL339449.2	847308	876850	1	1	1	0	1	12
GL339449.2	876885	878349	1	1	1	0	1	34
GL339449.2	911759	915348	1	1	1	0	3	32
GL339449.2	958293	958915	2	4	0	0	2	38
GL339449.2	963301	974998	0	0	0	0	4	30
GL339449.2	965796	989964	1	1	0	0	3	32
GL339449.2	966092	967802	2	2	1	0	117	41
GL339449.2	967843	971777	2	2	1	0	138	40
GL339449.2	971881	972436	2	2	1	0	49	47
GL339449.2	972541	975701	2	2	1	0	34	45
GL339449.2	975766	978266	2	2	1	0	29	41
GL339449.2	976142	995398	1	3	0	0	1	38
GL339449.2	978375	979022	2	2	1	0	28	45
GL339449.2	979111	979328	2	2	1	0	3	7
GL339449.2	979420	985595	2	2	1	0	25	39
GL339449.2	989996	990370	2	2	1	0	1	31
GL339449.2	990422	991094	2	2	1	0	3	16
GL339449.2	1134583	1138154	2	2	1	0	3	32
KI270795.1	93756	101223	2	2	0	0	72	46
KI270898.1	89128	98149	2	2	0	0	72	46
GL000250.2	3116319	3145970	1	3	0	0	2	27
GL000251.2	3260950	3290600	1	3	0	0	2	27
GL000251.2	3313763	3314480	1	1	1	0	2	37
GL000252.2	3031481	3061127	1	3	0	0	2	27
GL000252.2	3084296	3085013	1	1	1	0	2	37
GL000255.2	3092355	3093072	1	1	1	0	2	37
GL000195.1	84251	86517	2	2	1	0	1	36
GL000195.1	138141	140413	1	1	1	0	1	36
GL000216.2	162590	165318	2	2	0	0	1	25
GL000216.2	168030	169254	2	2	0	0	6	36
KI270728.1	1695964	1697113	1	1	1	0	2	12
KI270728.1	1863418	1864561	2	2	1	0	2	12
