chr1	1425248	1447904	1	1	0	0	1	40
chr1	6703516	6712103	1	3	0	0	1	27
chr1	7857823	7904449	2	2	0	0	1	22
chr1	9701479	9783662	2	4	0	0	2	31
chr1	9953140	9980815	2	2	0	0	1	43
chr1	9973685	9995375	1	1	0	0	1	14
chr1	10414817	10414882	1	3	0	0	1	41
chr1	10443541	10457600	2	2	0	0	1	38
chr1	15170961	15193787	2	2	0	0	1	13
chr1	15577546	15607490	2	4	0	0	1	27
chr1	15779452	15819744	1	1	0	0	1	35
chr1	16521124	16521563	1	1	1	0	2	19
chr1	16649950	16650073	1	1	1	0	6	42
chr1	16757394	16757517	2	2	1	0	6	42
chr1	16888783	16889215	2	2	1	0	2	19
chr1	17514055	17544525	2	2	0	0	1	21
chr1	19597110	19614503	1	1	0	0	4	29
chr1	19614595	19622099	1	1	1	0	2	18
chr1	22061792	22072329	2	2	0	0	1	46
chr1	23790138	23809470	2	2	0	0	1	19
chr1	25303460	25316999	1	1	1	0	1	40
chr1	25375429	25385710	2	2	1	0	1	46
chr1	25375429	25388975	2	2	1	0	1	40
chr1	26397540	26423921	2	4	0	0	1	24
chr1	28497335	28559410	2	2	0	0	3	43
chr1	28513808	28514683	2	2	0	0	1	29
chr1	28514103	28514696	1	1	0	0	1	19
chr1	28545448	28569755	1	1	0	0	1	26
chr1	28551273	28559410	2	2	0	0	2	43
chr1	28628855	28663333	2	2	0	0	1	37
chr1	28721866	28762882	1	3	0	0	1	27
chr1	28741247	28760828	2	4	0	0	2	20
chr1	32121909	32231426	1	1	0	0	4	47
chr1	32175719	32231426	1	1	0	0	2	22
chr1	32231366	32258157	2	2	0	0	1	28
chr1	32487616	32682546	0	0	0	0	3	43
chr1	32602203	32610700	2	2	0	0	1	24
chr1	36311473	36356657	2	2	0	0	1	39
chr1	39373092	39390892	1	1	0	0	1	40
chr1	39511364	39511755	1	1	1	0	3	46
chr1	39511905	39521375	1	1	1	0	1	20
chr1	39521571	39522402	1	1	1	0	1	7
chr1	39554393	39556598	2	2	1	0	1	45
chr1	39763792	39764622	2	2	1	0	1	7
chr1	39764818	39774307	2	2	1	0	1	20
chr1	39774457	39774848	2	2	1	0	3	46
chr1	42277448	42277582	1	1	0	0	2	41
chr1	44552802	44607721	2	2	0	0	2	46
chr1	44794296	44804890	1	1	0	0	1	39
chr1	51009281	51036885	1	1	0	0	3	38
chr1	52391096	52504416	1	1	0	0	3	39
chr1	52527948	52624274	1	1	0	0	2	38
chr1	57446405	57488483	2	4	0	0	2	39
chr1	62422635	62458086	1	1	0	0	3	32
chr1	65081838	65113937	1	1	0	0	1	46
chr1	77805689	77864244	2	2	0	0	2	47
chr1	88816406	88858158	2	2	0	0	1	33
chr1	89044888	89046858	1	1	0	0	2	16
chr1	89046921	89047514	1	1	1	0	2	16
chr1	91824747	91835613	1	1	0	0	5	46
chr1	92292678	92292834	2	4	0	0	2	33
chr1	100209676	100210139	2	2	0	0	2	35
chr1	103554016	103554501	1	1	0	0	1	40
chr1	103573939	103574259	1	1	1	0	1	19
chr1	103574394	103575222	1	1	1	0	1	28
chr1	103575541	103577719	1	1	1	0	1	16
chr1	103577609	103577719	1	1	1	0	2	40
chr1	103577846	103579310	1	1	1	0	6	44
chr1	103662776	103662885	1	1	1	0	2	40
chr1	103663012	103664330	1	1	1	0	6	44
chr1	103687639	103688957	2	2	1	0	6	44
chr1	103689084	103689193	2	2	1	0	2	40
chr1	103692561	103693299	2	2	1	0	1	19
chr1	109738192	109738284	2	2	1	0	2	40
chr1	109739494	109739832	2	2	1	0	1	33
chr1	112638341	112735476	1	1	0	0	2	34
chr1	113095454	113101115	1	3	0	0	1	26
chr1	120256755	120271828	1	1	0	0	1	28
chr1	120278037	120319190	1	1	1	0	1	27
chr1	120319315	120319503	1	1	1	0	5	40
chr1	120578882	120579070	2	2	1	0	5	40
chr1	120579195	120620354	2	2	1	0	1	27
chr1	120626561	120641607	2	2	1	0	1	28
chr1	144245821	144250224	2	2	1	0	1	19
chr1	144324698	144335654	1	1	0	0	1	42
chr1	144630863	144641770	2	2	0	0	1	42
chr1	144716152	144720555	1	1	1	0	1	19
chr1	146985757	146986351	1	1	1	0	1	42
chr1	146986525	146987233	1	1	1	0	10	43
chr1	146987286	146987953	1	1	1	0	8	42
chr1	146990518	146991112	1	1	1	0	1	42
chr1	146991286	146991994	1	1	1	0	10	43
chr1	146992047	146992711	1	1	1	0	8	42
chr1	148905327	148922730	1	1	0	0	13	41
chr1	148929274	148931799	1	1	1	0	6	18
chr1	148931924	148932112	1	1	1	0	5	40
chr1	149190532	149197995	2	2	1	0	2	7
chr1	149198172	149198360	2	2	1	0	16	40
chr1	149198485	149201013	2	2	1	0	6	18
chr1	149201091	149240376	2	2	1	0	10	42
chr1	149246580	149261639	2	2	1	0	1	28
chr1	149833115	149834134	1	1	1	0	1	46
chr1	149833865	149834134	1	1	1	0	5	24
chr1	149836602	149837279	0	0	0	0	3	43
chr1	149856535	149857212	0	0	0	0	3	37
chr1	149859682	149859951	2	2	1	0	5	24
chr1	150200831	150213229	2	2	1	0	1	7
chr1	150284099	150321259	2	2	0	0	2	30
chr1	151087522	151112098	2	4	0	0	1	21
chr1	151173864	151216133	1	1	0	0	1	22
chr1	151681287	151691515	1	3	0	0	1	27
chr1	153879569	153914049	2	4	0	0	1	21
chr1	153914141	153915632	1	3	0	0	3	20
chr1	155414424	155449633	2	2	0	0	3	46
chr1	156187478	156197543	1	1	0	0	2	41
chr1	156621953	156622950	2	2	1	0	1	3
chr1	179755073	179810978	1	1	0	0	2	32
chr1	183006403	183031447	1	1	0	0	2	21
chr1	199965948	200023755	2	2	0	0	3	45
chr1	201857731	201882367	1	1	0	0	1	31
chr1	201953015	202030608	2	2	0	0	3	46
chr1	224144127	224145266	2	4	0	0	1	25
chr1	226037172	226197695	2	2	0	0	5	31
chr1	226037187	226198229	2	2	0	0	5	16
chr1	226265986	226266212	2	2	0	0	1	26
chr1	227348992	227360311	2	2	0	0	1	28
chr1	235031265	235050621	2	4	0	0	1	22
chr1	235066574	235095442	2	2	0	0	1	45
chr1	241087885	241123686	1	1	0	0	1	33
chr1	246685555	246810498	2	2	0	0	12	45
chr1	246929839	246938221	1	1	0	0	2	41
chr1	246929839	246940565	1	1	0	0	2	41
chr2	28690437	28691502	2	2	0	0	2	41
chr2	32283800	32313449	2	2	0	0	1	32
chr2	36957796	36994796	1	3	0	0	1	23
chr2	42581849	42585013	2	2	0	0	1	26
chr2	55077258	55117118	2	2	0	0	1	34
chr2	63967692	64017309	2	4	0	0	1	27
chr2	85356668	85361714	1	1	0	0	1	46
chr2	85502172	85562466	1	1	0	0	2	43
chr2	86720810	86740926	1	1	1	0	1	28
chr2	86741070	86751895	1	1	1	0	1	45
chr2	87055801	87075918	2	2	1	0	1	28
chr2	95412677	95421497	1	1	0	0	1	36
chr2	95414046	95421497	1	1	0	0	1	42
chr2	97113937	97114384	1	1	0	0	2	14
chr2	97118179	97118343	1	1	1	0	8	45
chr2	97118518	97122886	1	1	1	0	1	34
chr2	97183488	97183581	1	1	1	0	1	4
chr2	97183634	97217351	1	1	0	0	1	21
chr2	97183655	97185315	1	1	1	0	1	29
chr2	97185511	97187197	1	1	1	0	1	6
chr2	97187227	97213541	1	1	0	0	1	29
chr2	97187402	97189086	1	1	1	0	3	29
chr2	97189116	97189217	1	1	1	0	4	29
chr2	97189291	97190977	1	1	1	0	6	29
chr2	97191007	97191108	1	1	1	0	2	29
chr2	97191007	97213541	1	1	0	0	3	29
chr2	97204097	97204190	1	1	1	0	1	9
chr2	97209873	97211545	1	1	1	0	1	29
chr2	97211575	97211668	1	1	1	0	1	21
chr2	97211742	97213418	1	1	1	0	2	29
chr2	97213448	97213541	1	1	1	0	4	29
chr2	97213615	97215300	1	1	1	0	5	29
chr2	97215330	97215424	1	1	1	0	4	29
chr2	97215498	97217176	1	1	1	0	4	20
chr2	97217206	97217299	1	1	1	0	9	29
chr2	97217373	97219049	1	1	1	0	6	21
chr2	97219079	97219173	1	1	1	0	3	10
chr2	97219247	97224805	1	1	1	0	4	35
chr2	97219247	97224808	1	1	1	0	8	45
chr2	97224880	97233729	1	1	1	0	20	46
chr2	97224880	97241265	1	1	0	0	1	40
chr2	97233872	97235124	1	1	0	0	1	18
chr2	97233872	97241265	1	1	1	0	64	42
chr2	97241480	97243845	1	1	1	0	8	14
chr2	97244030	97245156	1	1	1	0	11	36
chr2	97246072	97247475	1	1	1	0	2	34
chr2	97247629	97249143	1	1	1	0	4	7
chr2	97249215	97249551	1	1	1	0	5	41
chr2	97249646	97250143	1	1	1	0	2	45
chr2	97272952	97284043	1	3	0	0	2	18
chr2	97273137	97276968	2	2	0	0	1	37
chr2	97284165	97284700	1	3	1	0	1	11
chr2	97284786	97284877	1	1	1	0	1	42
chr2	97285008	97285302	1	1	1	0	3	8
chr2	97285008	97291539	1	1	1	0	8	40
chr2	97285524	97291539	1	1	1	0	7	41
chr2	97416406	97422438	2	2	1	0	7	41
chr2	97416406	97422954	2	2	1	0	8	40
chr2	97422660	97422954	2	2	1	0	3	8
chr2	97423085	97423176	2	2	1	0	1	42
chr2	97423262	97423797	2	4	1	0	1	11
chr2	97423919	97435009	2	4	0	0	2	18
chr2	97430993	97434824	1	1	0	0	1	37
chr2	97507066	97507563	2	2	1	0	2	45
chr2	97507658	97507994	2	2	1	0	5	41
chr2	97508066	97509580	2	2	1	0	4	7
chr2	97509734	97511137	2	2	1	0	2	34
chr2	97512053	97513179	2	2	1	0	11	36
chr2	97513364	97515731	2	2	1	0	8	14
chr2	97515946	97522000	2	2	0	0	1	38
chr2	97515946	97523325	2	2	1	0	64	42
chr2	97515946	97532310	2	2	0	0	1	40
chr2	97522073	97523325	2	2	0	0	1	18
chr2	97523468	97532310	2	2	1	0	18	46
chr2	97532382	97536299	2	2	0	0	3	20
chr2	97532385	97536299	2	2	1	0	4	35
chr2	97536373	97536467	2	2	1	0	3	10
chr2	97536497	97538167	2	2	1	0	5	17
chr2	97538241	97538334	2	2	1	0	15	29
chr2	97538364	97540033	2	2	1	0	9	29
chr2	97541984	97542078	2	2	1	0	4	29
chr2	97542108	97543789	2	2	1	0	5	29
chr2	97543863	97543956	2	2	1	0	5	41
chr2	97543986	97545665	2	2	1	0	2	29
chr2	97547609	97547702	2	2	1	0	1	9
chr2	97551481	97553167	2	2	1	0	2	12
chr2	97553241	97553342	2	2	1	0	2	9
chr2	97555133	97555225	2	2	1	0	2	29
chr2	97555255	97556936	2	2	1	0	3	29
chr2	97557010	97557103	2	2	1	0	3	6
chr2	97557133	97558798	2	2	1	0	3	29
chr2	97558995	97560664	2	2	1	0	1	20
chr2	97580569	97584943	2	2	1	0	4	24
chr2	97585118	97585283	2	2	1	0	8	45
chr2	97589077	97589524	2	2	0	0	2	14
chr2	101595646	101740386	2	2	0	0	3	39
chr2	108445964	108473935	2	2	0	0	1	34
chr2	108686112	108686556	1	1	0	0	1	33
chr2	109914478	109915951	1	1	1	0	1	38
chr2	109919644	109920253	1	1	1	0	3	29
chr2	109920347	109921639	1	1	1	0	25	32
chr2	109921689	109924347	1	1	1	0	41	47
chr2	109995635	109995674	1	1	0	0	1	43
chr2	109995635	109995994	1	1	0	0	1	43
chr2	110156482	110160126	2	2	1	0	1	5
chr2	110375276	110375475	2	2	0	0	4	40
chr2	110375276	110375555	2	2	0	0	4	40
chr2	110375276	110375595	2	2	0	0	4	40
chr2	110375276	110375635	2	2	0	0	4	40
chr2	110375396	110375835	2	2	0	0	1	43
chr2	110375796	110375835	2	2	0	0	1	43
chr2	110379311	110382703	2	2	1	0	4	35
chr2	110381874	110381989	2	2	0	0	1	37
chr2	110447161	110449818	2	2	1	0	42	47
chr2	110449868	110451160	2	2	1	0	25	32
chr2	110451254	110451863	2	2	1	0	3	29
chr2	110455556	110457029	2	2	1	0	1	38
chr2	127287406	127290854	1	1	0	0	2	46
chr2	127833642	127856119	2	2	0	0	1	34
chr2	130462456	130658182	2	2	0	0	4	13
chr2	135109815	135127107	2	2	0	0	2	31
chr2	135433782	135472285	1	1	0	0	2	33
chr2	166938375	167025734	1	1	0	0	2	36
chr2	171165698	171194602	1	1	0	0	1	31
chr2	171915055	171937816	1	1	0	0	1	27
chr2	176186651	176208379	1	1	0	0	1	21
chr2	203332021	203349615	1	3	0	0	1	45
chr2	208224220	208374590	2	2	0	0	7	40
chr2	210016113	210016203	1	1	1	0	1	9
chr2	218374338	218413428	1	1	0	0	1	47
chr2	231498733	231499867	2	2	0	0	1	46
chr2	231574822	231606920	2	4	0	0	1	25
chr2	233900998	233921903	2	2	0	0	1	41
chr2	235410559	235432563	1	3	0	0	1	28
chr3	47399864	47444816	1	3	0	0	1	27
chr3	47513241	47517543	2	2	0	0	1	30
chr3	47712168	47759872	1	1	0	0	12	32
chr3	47786791	47828556	1	1	0	0	1	27
chr3	49019307	49019710	1	1	0	0	1	44
chr3	49275763	49304994	2	2	0	0	1	39
chr3	49294599	49295179	2	2	0	0	1	33
chr3	52212762	52255172	2	2	0	0	1	34
chr3	52865194	52872874	2	2	0	0	1	37
chr3	56853981	56898841	1	1	0	0	2	40
chr3	57042933	57090640	1	1	0	0	2	43
chr3	88827289	88854523	1	1	0	0	1	22
chr3	129863721	129870597	1	3	0	0	3	40
chr3	133545782	133582201	1	3	0	0	1	27
chr3	136709188	136709225	1	3	0	0	2	34
chr3	138824629	138876820	1	1	0	0	2	32
chr3	155755773	155879502	1	1	0	0	3	43
chr3	155756095	155801982	2	2	0	0	2	39
chr3	155794212	155801982	2	2	0	0	2	39
chr3	170007986	170041389	2	2	0	0	1	33
chr3	195645358	195645686	2	2	0	0	1	33
chr3	195658166	195661755	1	1	1	0	1	15
chr3	195661842	195662570	1	1	1	0	5	20
chr3	195662734	195663623	1	1	1	0	2	31
chr3	195662734	195664085	1	1	1	0	2	34
chr3	195664251	195666065	1	1	1	0	3	14
chr3	195671301	195672483	1	1	1	0	1	4
chr3	195672680	195673817	1	1	1	0	2	39
chr3	195673988	195676421	1	1	1	0	2	36
chr3	195681302	195681535	1	1	1	0	3	29
chr3	195683866	195685817	1	1	1	0	4	34
chr3	195688798	195696360	1	1	1	0	4	37
chr3	195967645	195967878	2	2	1	0	3	29
chr3	195972748	195974396	2	2	1	0	2	36
chr3	195974567	195975704	2	2	1	0	2	39
chr3	195975901	195977082	2	2	1	0	1	4
chr3	195979867	195982161	2	2	1	0	1	23
chr3	195982311	195984111	2	2	1	0	1	14
chr3	195984277	195985626	2	2	1	0	2	34
chr3	195984738	195985626	2	2	1	0	2	31
chr3	195985790	195986518	2	2	1	0	5	20
chr3	195986605	195990189	2	2	1	0	1	15
chr3	196801769	196860763	1	1	0	0	4	31
chr3	196801769	196916262	1	1	0	0	4	31
chr3	197786211	197813625	1	1	0	0	1	45
chr4	59557	60057	1	1	1	0	2	47
chr4	435880	472574	2	2	1	0	1	28
chr4	456369	472574	2	2	0	0	1	40
chr4	467682	472574	2	2	0	0	2	45
chr4	472702	473980	2	2	1	0	6	37
chr4	599526	782885	2	2	0	0	3	46
chr4	2181377	2209291	2	2	0	0	1	21
chr4	2659000	2680890	2	2	0	0	1	30
chr4	46328751	46440237	1	1	0	0	4	39
chr4	49255190	49256187	1	1	0	0	2	12
chr4	49539152	49540148	2	2	0	0	2	12
chr4	56786255	56823828	2	2	0	0	1	18
chr4	56807066	56823828	2	2	0	0	1	18
chr4	65272715	65289367	1	1	0	0	1	38
chr4	73981292	73981416	2	2	1	0	1	17
chr4	83059934	83098089	2	2	0	0	1	39
chr4	88876250	88925652	2	2	0	0	2	22
chr4	94523876	94549793	1	1	1	0	1	18
chr4	123136604	123136771	1	1	0	0	1	39
chr4	151119510	151148935	1	3	0	0	1	45
chr4	157380276	157451425	2	2	0	0	2	16
chr4	185170844	185186291	1	1	0	0	1	13
chr4	185224324	185234654	2	4	0	0	1	27
chr4	188136597	188140357	1	1	0	0	1	20
chr4	188500783	188542702	2	2	0	0	2	46
chr5	7084164	7125507	2	2	0	0	2	24
chr5	16711569	16723169	1	1	0	0	11	46
chr5	37388595	37427243	1	1	0	0	1	38
chr5	37398203	37649851	2	4	0	0	5	46
chr5	50293698	50456242	2	2	0	0	5	44
chr5	50293698	50487244	2	2	0	0	5	44
chr5	55136054	55136481	2	2	1	1	0	7
chr5	60985041	61073124	1	1	0	0	2	34
chr5	69844914	69873663	1	1	1	0	3	14
chr5	69873698	69875163	1	1	1	0	3	34
chr5	69898495	70774380	0	0	0	0	5	41
chr5	69920868	69924499	1	1	1	0	2	35
chr5	69924438	69924525	1	1	1	0	3	42
chr5	69975853	69978463	1	1	1	0	8	31
chr5	69978119	69978463	1	1	1	0	2	31
chr5	69979058	69997151	1	1	1	0	2	17
chr5	70123394	70126283	2	2	1	0	1	9
chr5	70139721	70140065	2	2	1	0	2	31
chr5	70139721	70142330	2	2	1	0	8	31
chr5	70193597	70193684	2	2	1	0	3	42
chr5	70203966	70207557	2	2	1	0	2	25
chr5	70203966	70225607	2	2	1	0	2	25
chr5	70222016	70225607	2	2	1	0	2	25
chr5	70259038	70260503	2	2	1	0	3	34
chr5	70260538	70290075	2	2	1	0	3	14
chr5	70420338	70421279	1	1	1	0	2	15
chr5	70422200	70422872	1	1	1	0	4	28
chr5	70422924	70423298	1	1	1	0	5	36
chr5	70422924	70450039	1	1	0	0	4	15
chr5	70433961	70434178	1	1	1	0	1	25
chr5	70440860	70441415	1	1	1	0	2	13
chr5	70441519	70445482	1	1	1	0	83	40
chr5	70445523	70446636	1	1	1	0	1	39
chr5	70445523	70447233	1	1	1	0	60	39
chr5	70452841	70455022	1	3	0	0	2	30
chr5	70475601	70478481	1	1	1	0	1	9
chr5	70479379	70479461	2	2	0	0	1	23
chr5	70479379	70480325	2	2	0	0	1	23
chr5	70555374	70556839	2	2	1	0	3	34
chr5	70556874	70585618	2	2	1	0	3	14
chr5	70795917	70799548	1	1	1	0	2	35
chr5	70799487	70799574	1	1	1	0	3	42
chr5	70850925	70853535	1	1	1	0	8	31
chr5	70853191	70853535	1	1	1	0	2	31
chr5	71027996	71030182	2	4	0	0	2	30
chr5	71032868	71033115	0	0	0	0	3	33
chr5	71032986	71060119	2	2	0	0	4	15
chr5	71035797	71037506	2	2	1	0	65	39
chr5	71037547	71038428	2	2	0	0	5	40
chr5	71037547	71041521	2	2	1	0	82	40
chr5	71041625	71042180	2	2	1	0	2	13
chr5	71048850	71049067	2	2	1	0	1	25
chr5	71059745	71060119	2	2	1	0	5	41
chr5	71060171	71060843	2	2	1	0	4	28
chr5	71140035	71140379	2	2	1	0	2	31
chr5	71140035	71142644	2	2	1	0	8	31
chr5	71216752	71234776	0	0	0	0	5	47
chr5	71259346	71260810	2	2	1	0	1	34
chr5	71260845	71289594	2	2	1	0	1	17
chr5	79273974	79355084	1	1	0	0	2	23
chr5	112096031	112132253	1	1	0	0	1	26
chr5	114895303	114917946	1	1	0	0	1	44
chr5	134616219	134627921	2	2	0	0	2	36
chr5	134618103	134667435	1	1	0	0	1	22
chr5	134669415	134746725	2	2	0	0	2	23
chr5	134672419	134779127	2	2	0	0	3	25
chr5	134763032	134806183	2	4	0	0	2	26
chr5	134805216	134836588	1	3	0	0	1	27
chr5	139545958	139623921	2	2	0	0	2	29
chr5	139600029	139623921	2	2	0	0	2	29
chr5	172941992	172975025	1	1	0	0	5	46
chr5	176418619	176423601	1	1	0	0	1	38
chr5	177953293	177957608	1	1	1	0	1	45
chr5	177954592	177963613	2	2	0	0	24	46
chr5	179634402	179634756	1	1	1	0	2	31
chr5	179634824	179635114	2	4	0	0	1	16
chr5	179657432	179657722	1	3	0	0	1	16
chr5	179997561	180103309	2	2	0	0	3	29
chr5	180217328	180232810	1	1	0	0	3	38
chr5	180438495	180478041	1	1	0	0	1	22
chr5	181262374	181442831	0	0	0	0	8	47
chr6	12107963	12108122	1	1	0	0	1	33
chr6	13331482	13343512	2	2	0	0	2	15
chr6	14910016	14927195	2	2	0	0	1	42
chr6	18012920	18110899	2	2	0	0	4	21
chr6	21274416	21276864	1	1	0	0	1	46
chr6	31754988	31757905	1	1	0	0	1	39
chr6	33470654	33496005	2	2	0	0	1	39
chr6	34381860	34444975	1	1	0	0	4	46
chr6	34417548	34418368	2	2	1	0	2	5
chr6	34418425	34421729	2	2	1	0	3	31
chr6	34421808	34424668	2	2	1	0	22	35
chr6	34424841	34425071	2	2	1	0	26	40
chr6	34425222	34426031	2	2	1	0	30	44
chr6	36002935	36035129	2	2	0	0	1	34
chr6	38541524	38545564	1	1	0	0	2	39
chr6	41867529	42009398	1	1	0	0	3	39
chr6	42035600	42081601	2	2	0	0	2	46
chr6	42887390	42910289	2	4	0	0	2	39
chr6	43323227	43364162	2	2	0	0	1	12
chr6	43364075	43364101	2	2	0	0	2	24
chr6	43538888	43538984	1	1	0	0	2	13
chr6	43539082	43539508	1	1	0	0	1	19
chr6	53141660	53157906	2	4	0	0	1	27
chr6	60982052	61022486	1	1	0	0	1	14
chr6	66840583	66893629	1	1	0	0	2	46
chr6	107018872	107044221	2	2	0	0	1	47
chr6	110854679	110865993	2	2	0	0	1	38
chr6	111536602	111558616	1	1	0	0	3	45
chr6	120725263	120806061	1	1	0	0	2	39
chr6	138879740	139071637	1	1	0	0	5	47
chr6	141235155	141368314	2	2	0	0	3	34
chr6	149945573	149946371	1	1	1	0	2	38
chr6	149946654	149947319	1	1	1	0	8	41
chr6	149947452	149948722	1	1	1	0	7	41
chr6	150018856	150020107	2	2	1	0	1	41
chr6	150020240	150020904	2	2	1	0	8	41
chr6	150021187	150021979	2	2	1	0	1	30
chr7	314652	386233	2	2	0	0	3	38
chr7	2444182	2501372	1	3	0	0	2	39
chr7	4830800	4854480	1	1	0	0	1	39
chr7	47769745	47789983	1	1	0	0	1	34
chr7	55834878	55882657	2	2	0	0	1	45
chr7	55882674	56030966	2	2	0	0	3	27
chr7	56011234	56011543	2	2	1	0	3	6
chr7	56011870	56015022	2	2	1	0	7	44
chr7	56017380	56019599	2	2	1	0	2	37
chr7	64809189	64809567	1	1	0	0	1	31
chr7	64856812	64857067	1	1	0	0	1	38
chr7	64971280	64971848	2	2	0	0	1	21
chr7	64971903	64973332	2	2	0	0	1	19
chr7	66112894	66144732	2	4	0	0	1	45
chr7	66490108	66491030	2	2	1	0	1	29
chr7	66540743	66552183	2	2	0	0	4	36
chr7	66730605	66740019	2	4	0	0	1	29
chr7	72767583	72810250	2	4	0	0	1	21
chr7	73115174	73163255	1	1	0	0	3	22
chr7	73586415	73630325	2	2	0	0	1	15
chr7	73759198	73773393	1	1	0	0	3	44
chr7	74593402	74626787	2	2	0	0	1	20
chr7	74677563	74738206	2	2	0	0	2	28
chr7	74700431	74700605	1	1	1	0	1	29
chr7	74700635	74705163	1	1	1	0	1	6
chr7	74728897	74730228	1	1	1	0	4	37
chr7	74728897	74732478	1	1	0	0	1	17
chr7	74730295	74732478	1	1	1	0	3	38
chr7	74733982	74735460	1	1	1	0	2	42
chr7	74736684	74738044	1	1	1	0	1	20
chr7	74738104	74743448	1	1	1	0	2	20
chr7	74744942	74745882	1	1	1	0	4	44
chr7	74745942	74746336	1	1	1	0	1	8
chr7	74746405	74760458	1	1	0	0	1	18
chr7	74748117	74749024	1	1	1	0	7	35
chr7	74749452	74751360	1	1	1	0	3	42
chr7	74751417	74752089	1	1	1	0	7	29
chr7	74752171	74753093	1	1	1	0	10	46
chr7	74754030	74755508	1	1	1	0	14	29
chr7	74755538	74756819	1	1	1	0	15	29
chr7	74756862	74757958	1	1	1	0	14	42
chr7	74758001	74758779	1	1	1	0	16	44
chr7	74758856	74759547	1	1	1	0	25	42
chr7	74758856	74759828	1	1	0	0	2	18
chr7	74758856	74759831	1	1	0	0	3	13
chr7	74843833	74849111	2	2	1	0	1	39
chr7	74877021	74880990	1	3	0	0	1	33
chr7	74885733	74937835	2	2	0	0	4	12
chr7	74888398	74890270	2	2	1	0	1	13
chr7	74891010	74891255	1	1	1	0	1	11
chr7	74894258	74896145	1	1	1	0	17	31
chr7	74896233	74897651	1	1	1	0	2	7
chr7	74896512	74897651	1	1	1	0	1	14
chr7	74896512	74905577	1	1	1	0	1	6
chr7	74897836	74900886	1	1	1	0	4	23
chr7	74900976	74905577	1	1	1	0	3	27
chr7	74929530	75112199	1	3	0	0	3	44
chr7	74939526	74939771	2	4	0	0	1	40
chr7	75080434	75158729	2	2	0	0	2	44
chr7	75185617	75199657	2	2	0	0	1	18
chr7	75186244	75187219	2	2	0	0	3	13
chr7	75186247	75187219	2	2	0	0	2	18
chr7	75186528	75187219	2	2	1	0	25	42
chr7	75187296	75188074	2	2	1	0	16	44
chr7	75188117	75189214	2	2	1	0	14	42
chr7	75189257	75190538	2	2	1	0	15	29
chr7	75190568	75192046	2	2	1	0	14	29
chr7	75192981	75193902	2	2	1	0	4	38
chr7	75193984	75194656	2	2	1	0	7	29
chr7	75194713	75196612	2	2	1	0	3	42
chr7	75197040	75197947	2	2	1	0	7	35
chr7	75199726	75200120	2	2	1	0	1	8
chr7	75200180	75201120	2	2	1	0	4	44
chr7	75202614	75207955	2	2	1	0	2	20
chr7	75208015	75209375	2	2	1	0	1	20
chr7	75208071	75208266	0	0	0	0	4	46
chr7	75210600	75212078	2	2	1	0	2	42
chr7	75213590	75215755	2	2	1	0	3	38
chr7	75213590	75217153	2	2	0	0	1	17
chr7	75215822	75217153	2	2	1	0	4	37
chr7	75261726	75261971	1	3	0	0	1	40
chr7	75294073	75307756	2	2	0	0	1	27
chr7	75294073	75335723	2	2	0	0	1	27
chr7	75296127	75297394	2	2	1	0	1	14
chr7	75297761	75299653	2	2	1	0	9	31
chr7	75316142	75320729	2	2	1	0	3	27
chr7	75320819	75323868	2	2	1	0	4	23
chr7	75322001	75335723	2	2	0	0	1	27
chr7	75324055	75325363	2	2	1	0	1	14
chr7	75324055	75325642	2	2	1	0	4	22
chr7	75325477	75325642	2	2	1	0	2	36
chr7	75325730	75327623	2	2	1	0	9	31
chr7	75344109	75348696	2	2	1	0	3	27
chr7	75344109	75353289	2	2	1	0	1	6
chr7	75348786	75351835	2	2	1	0	4	23
chr7	75352022	75353289	2	2	1	0	1	14
chr7	75352022	75353568	2	2	1	0	4	22
chr7	75353403	75353568	2	2	1	0	2	36
chr7	75359527	75361373	1	1	1	0	1	13
chr7	75378395	75378519	2	4	0	0	1	33
chr7	75512676	75514644	2	2	1	0	8	27
chr7	76391221	76459165	1	1	0	0	2	41
chr7	76433648	76434037	1	1	1	0	1	19
chr7	76434156	76440249	1	1	1	0	5	43
chr7	76440342	76440474	1	1	1	0	8	46
chr7	76440612	76441841	1	1	1	0	10	32
chr7	76610216	76611453	2	2	1	0	8	15
chr7	76611592	76611721	2	2	1	0	10	46
chr7	76611814	76618182	2	2	1	0	5	43
chr7	77130974	77133432	2	2	0	0	1	26
chr7	77334870	77487821	1	1	0	0	3	32
chr7	99402202	99445386	2	4	0	0	1	26
chr7	100782488	100787720	2	2	0	0	1	44
chr7	100962018	100970782	1	1	0	0	2	39
chr7	101079722	101091699	2	4	0	0	1	27
chr7	101412385	101445471	2	4	0	0	2	21
chr7	102339116	102342181	1	1	1	0	1	36
chr7	102342620	102343723	1	1	0	0	1	14
chr7	102342687	102343175	1	1	0	0	2	16
chr7	102345131	102345604	2	2	0	0	4	13
chr7	102350227	102351864	1	3	0	0	2	35
chr7	102527034	102567006	1	3	0	0	2	27
chr7	102531931	102553200	1	3	0	0	1	45
chr7	102541304	102566996	2	2	0	0	1	31
chr7	102565544	102566648	2	2	0	0	1	14
chr7	102566094	102566581	2	2	0	0	2	16
chr7	102566094	102665661	2	2	0	0	2	16
chr7	102566225	102646471	1	3	0	0	3	16
chr7	102566353	102650818	2	2	0	0	2	22
chr7	102567044	102568009	2	2	0	0	1	42
chr7	102567084	102568009	2	2	1	0	5	47
chr7	102567084	102569834	2	2	1	0	6	43
chr7	102626129	102666086	1	3	0	0	2	27
chr7	102631037	102652293	1	3	0	0	1	45
chr7	102640415	102666076	2	2	0	0	1	31
chr7	102664628	102665728	2	2	0	0	1	14
chr7	102665174	102665661	2	2	0	0	2	16
chr7	102666124	102667089	2	2	0	0	1	42
chr7	102666164	102667089	2	2	1	0	5	47
chr7	129697484	129735465	1	1	0	0	1	22
chr7	135466451	135739584	2	4	0	0	6	26
chr7	138127375	138225625	1	1	0	0	2	46
chr7	138421079	138466085	2	2	0	0	2	40
chr7	139187024	139228354	1	3	0	0	1	23
chr7	140787087	140871012	1	1	0	0	2	31
chr7	143851886	143854125	2	2	0	0	3	17
chr7	143854143	143857099	2	2	1	0	3	5
chr7	144946192	145011302	2	2	0	0	3	27
chr7	151096568	151097439	1	1	0	0	1	47
chr7	152499566	152533171	2	2	0	0	1	34
chr7	152673849	152712244	2	4	0	0	1	21
chr7	157130066	157297022	2	2	0	0	3	41
chr8	7191393	7191430	0	0	0	0	3	30
chr8	7611993	7612509	1	1	1	0	1	33
chr8	8950697	8994801	2	2	0	0	1	36
chr8	17628227	17658266	2	2	0	0	1	40
chr8	30381053	30413319	2	2	0	0	1	38
chr8	37961415	38051827	2	2	0	0	2	41
chr8	42312119	42328042	2	2	0	0	2	46
chr8	42407867	42455201	1	1	0	0	1	21
chr8	43239020	43239407	2	2	0	0	1	42
chr8	81808529	81808822	2	2	0	0	2	31
chr8	81808854	81808911	0	0	0	0	9	30
chr8	82291443	82291500	2	6	0	0	9	27
chr8	82291538	82291679	2	2	0	0	1	40
chr8	82291548	82292058	0	0	0	0	3	36
chr8	82291631	82291732	0	0	0	0	4	32
chr8	84972451	85003612	1	1	0	0	2	22
chr8	94786209	94820813	2	2	0	0	1	32
chr8	97989255	97998305	1	1	0	0	50	46
chr8	102240925	102413894	2	2	0	0	12	43
chr8	113270867	113296188	2	2	0	0	1	28
chr8	119941161	119962027	1	1	0	0	1	46
chr8	123172742	123213584	2	2	0	0	1	42
chr8	128716942	128747196	2	2	0	0	1	32
chr8	144974961	144975970	1	3	0	0	1	46
chr9	15471232	15472631	2	2	1	0	1	15
chr9	15472751	15474008	2	2	1	0	5	43
chr9	15474238	15478476	2	2	1	0	32	42
chr9	15478553	15479590	2	2	1	0	29	46
chr9	15478553	15486005	2	2	0	0	1	36
chr9	15479688	15486005	2	2	1	0	20	45
chr9	15486069	15486826	2	2	1	0	4	37
chr9	15490125	15506560	2	2	1	0	1	15
chr9	15506638	15510116	2	2	1	0	2	43
chr9	18182073	18199043	1	1	0	0	1	28
chr9	35761941	35764040	1	1	0	0	2	46
chr9	38905269	38976461	1	1	0	0	2	37
chr9	38923051	38976461	1	1	0	0	2	37
chr9	38923869	39035845	2	2	0	0	5	47
chr9	39324066	39346184	1	3	0	0	1	27
chr9	41823760	41973179	2	2	0	0	4	46
chr9	61616008	61620249	1	1	1	0	1	31
chr9	61616008	61620257	1	1	1	0	1	39
chr9	61906548	61910860	2	2	1	0	1	39
chr9	61906556	61910860	2	2	1	0	1	31
chr9	62376814	62386773	1	1	1	0	1	45
chr9	62869305	62897418	2	2	1	0	3	7
chr9	63055721	63056349	1	1	0	0	2	29
chr9	63056063	63056349	1	1	0	0	1	16
chr9	63056104	63056349	1	1	1	0	1	20
chr9	63056409	63057514	1	1	1	0	17	44
chr9	63372979	63374382	2	2	1	0	1	7
chr9	63374506	63375612	2	2	1	0	17	44
chr9	63375672	63375917	2	2	1	0	1	20
chr9	63375672	63375958	2	2	0	0	1	16
chr9	63375672	63376300	2	2	0	0	2	29
chr9	63418673	63422829	1	1	0	0	1	40
chr9	64723290	64724108	1	1	0	0	1	24
chr9	65243842	65271227	1	1	0	0	1	13
chr9	65285823	65313549	1	1	0	0	1	30
chr9	65289724	65289826	2	2	1	0	1	30
chr9	65318561	65321192	2	2	1	0	1	25
chr9	65700338	65702969	1	1	1	0	1	25
chr9	65731699	65731801	1	1	1	0	1	30
chr9	65750292	65778122	2	2	0	0	1	13
chr9	96291744	96316287	1	1	0	0	1	34
chr9	96547396	96628388	1	1	0	0	3	38
chr9	96581160	96628388	1	1	0	0	3	38
chr9	97238086	97238422	2	2	1	0	1	19
chr9	102457782	102536322	2	2	0	0	2	22
chr9	107499331	107537318	2	2	0	0	1	32
chr9	113265915	113268836	2	2	0	0	1	20
chr9	122176801	122208757	2	2	0	0	3	44
chr9	128013618	128042942	2	2	0	0	2	39
chr9	128508055	128620592	2	2	0	0	3	32
chr9	129783332	129797376	2	4	0	0	1	27
chr9	130075829	130123090	2	4	0	0	1	28
chr9	137257055	137262076	1	1	0	0	1	38
chr10	947854	993989	2	2	0	0	1	46
chr10	4968945	4972200	1	1	1	0	2	6
chr10	4972311	4972583	1	1	1	0	1	7
chr10	4972750	4975850	1	1	1	0	1	35
chr10	4975934	4977699	1	1	1	0	4	47
chr10	4990039	4991830	2	2	1	0	4	47
chr10	4991914	4995318	2	2	1	0	1	35
chr10	4995485	4995755	2	2	1	0	1	7
chr10	4995866	4998624	2	2	1	0	2	6
chr10	5000667	5001513	2	2	1	0	4	46
chr10	22739966	22760967	2	4	0	0	1	27
chr10	24154900	24189078	2	4	0	0	1	27
chr10	26972110	27042627	2	2	0	0	4	37
chr10	45177935	45215704	2	2	1	0	1	28
chr10	45679041	45679409	1	1	1	0	2	33
chr10	45681841	45684485	1	1	1	0	7	45
chr10	45692159	45694747	1	1	1	0	1	10
chr10	45694784	45698064	1	1	1	0	3	36
chr10	45698117	45698755	1	1	1	0	6	34
chr10	45827391	45828028	2	2	1	0	6	34
chr10	45828081	45831393	2	2	1	0	3	36
chr10	45831430	45834015	2	2	1	0	1	10
chr10	45841688	45844325	2	2	1	0	8	45
chr10	45846756	45847124	2	2	1	0	2	33
chr10	46340257	46342905	1	1	1	0	1	9
chr10	46819537	46822177	1	1	1	0	1	9
chr10	68759662	68771033	0	0	0	0	3	42
chr10	68766572	68771049	1	3	0	0	3	34
chr10	68995945	69089680	1	1	0	0	2	25
chr10	71600599	71610086	2	2	0	0	1	17
chr10	72216139	72220053	1	1	1	0	4	17
chr10	72240409	72252681	2	4	0	0	2	27
chr10	72357747	72554801	1	1	0	0	3	33
chr10	72583512	72797765	2	2	0	0	23	25
chr10	72707061	72797765	2	2	0	0	23	25
chr10	72787500	72797765	2	2	0	0	23	25
chr10	73427373	73486400	1	1	0	0	4	45
chr10	79660995	79666784	0	0	1	0	6	33
chr10	79669575	79671090	1	1	1	0	11	36
chr10	79671134	79676467	1	1	1	0	13	44
chr10	79716632	79766270	2	2	1	0	1	7
chr10	79766325	79804484	2	2	1	0	15	44
chr10	79798028	79801923	2	2	1	0	2	45
chr10	79798028	79804484	2	2	1	0	13	44
chr10	79804528	79806038	2	2	1	0	25	36
chr10	79804528	79814612	2	2	1	0	1	14
chr10	79806123	79808758	2	2	1	0	7	23
chr10	79808833	79814612	2	2	1	0	13	42
chr10	79814717	79826197	2	2	1	0	5	40
chr10	80551287	80573218	2	2	0	0	1	19
chr10	87288496	87326629	2	2	1	0	4	31
chr10	87326673	87328192	2	2	1	0	4	20
chr10	90183122	90183523	1	1	0	0	1	42
chr10	92218194	92282474	1	1	0	0	9	46
chr10	92236722	92239345	2	2	0	0	1	33
chr10	97393069	97441680	1	1	0	0	1	12
chr10	97493056	97537870	1	3	0	0	1	25
chr10	99986940	99991691	1	1	0	0	4	39
chr10	102038288	102038933	1	1	0	0	1	18
chr10	103402484	103417216	1	3	0	0	1	29
chr10	103790403	103826011	2	2	0	0	1	47
chr10	116588699	116660219	2	2	0	0	17	13
chr10	121853239	121915765	2	2	0	0	10	27
chr10	127306238	127352815	2	2	0	0	1	45
chr10	128142813	128283086	1	1	0	0	3	44
chr11	308345	314262	2	2	1	0	5	24
chr11	308439	309012	1	1	1	0	6	42
chr11	308439	314921	1	1	1	0	13	42
chr11	314357	314921	1	1	1	0	30	45
chr11	314357	314926	1	1	1	0	1	16
chr11	319986	320564	2	2	1	0	1	16
chr11	319991	320564	2	2	1	0	35	45
chr11	9195176	9196047	1	1	0	0	1	46
chr11	9317142	9336338	1	1	0	0	1	46
chr11	9355081	9404250	1	1	0	0	1	22
chr11	14462522	14477465	1	1	0	0	1	34
chr11	31684308	31685838	1	1	0	0	1	26
chr11	39953471	39958881	1	1	0	0	3	41
chr11	46613062	46627552	2	2	0	0	2	45
chr11	47386147	47399444	2	2	0	0	1	28
chr11	47936604	48005144	2	2	0	0	3	45
chr11	61464268	61471699	2	2	0	0	1	38
chr11	61991917	62006196	1	1	0	0	2	46
chr11	63750900	63823765	0	0	0	0	8	46
chr11	64333471	64424659	2	2	0	0	4	46
chr11	66640124	66646026	1	1	1	0	24	30
chr11	66640124	66649735	1	1	1	0	1	15
chr11	66665579	66676667	2	2	1	0	1	45
chr11	69972955	70007321	1	3	0	0	1	28
chr11	72290808	72292361	1	1	0	0	1	37
chr11	72734166	72737667	1	3	0	0	1	27
chr11	78068572	78166426	1	1	0	0	3	39
chr11	78184795	78193238	1	3	0	0	1	29
chr11	111621722	111643617	2	4	0	0	1	45
chr12	7675990	7723197	1	1	0	0	1	47
chr12	9288350	9293661	1	1	1	0	8	29
chr12	9293911	9294431	1	1	1	0	1	38
chr12	9294519	9294816	1	1	1	0	3	27
chr12	9297827	9298420	1	1	1	0	4	40
chr12	9302275	9302622	1	1	1	0	3	11
chr12	9302703	9303974	1	1	1	0	6	43
chr12	9304020	9304139	1	1	1	0	5	28
chr12	9304208	9305718	1	1	1	0	3	11
chr12	9306369	9307201	1	1	1	0	2	33
chr12	9312324	9312616	1	1	1	0	1	44
chr12	9419191	9419488	2	2	1	0	1	44
chr12	9419574	9419980	2	2	1	0	1	16
chr12	9424641	9425470	2	2	1	0	1	26
chr12	9426121	9427632	2	2	1	0	3	11
chr12	9427701	9427820	2	2	1	0	3	15
chr12	9427866	9429131	2	2	1	0	4	43
chr12	9429212	9429559	2	2	1	0	3	11
chr12	9433416	9434094	2	2	1	0	4	40
chr12	9437105	9437402	2	2	1	0	3	27
chr12	9437490	9438010	2	2	1	0	1	35
chr12	9438260	9443534	2	2	1	0	8	29
chr12	9443683	9443962	2	2	1	0	1	19
chr12	15905437	15952131	2	2	0	0	3	39
chr12	27800350	27913455	0	0	0	0	3	34
chr12	30157788	30158116	2	4	0	0	1	46
chr12	31581476	31610670	1	1	0	0	2	46
chr12	31640143	31643467	1	1	0	0	1	27
chr12	48712722	48728490	2	2	0	0	1	26
chr12	48757007	48764219	2	2	0	0	1	39
chr12	49045542	49122704	1	3	0	0	12	24
chr12	49127917	49128785	2	2	0	0	1	35
chr12	49128054	49128692	2	4	0	0	1	29
chr12	49128126	49185177	1	1	1	0	19	33
chr12	49128939	49129241	2	2	1	0	7	42
chr12	49129723	49131297	2	2	1	0	1	15
chr12	49172712	49200274	1	1	0	0	3	36
chr12	49185106	49273085	2	4	0	0	2	41
chr12	49185753	49272449	2	2	0	0	2	47
chr12	49186459	49186610	2	2	1	0	1	6
chr12	49186834	49188976	2	2	1	0	1	33
chr12	49269688	49269827	1	1	1	0	1	6
chr12	49269977	49272252	1	1	1	0	10	35
chr12	50151735	50189793	2	2	0	0	1	33
chr12	50364845	50389307	2	4	0	0	1	39
chr12	50683713	50709567	1	1	0	0	1	43
chr12	52898520	52898678	2	2	1	0	1	11
chr12	52962112	52978886	2	2	0	0	1	39
chr12	53035512	53082495	1	1	0	0	1	45
chr12	55844798	55904683	2	4	0	0	3	44
chr12	55914367	55915442	2	2	0	0	1	36
chr12	56309175	56309319	1	3	1	0	1	7
chr12	57435892	57436711	1	3	0	0	1	27
chr12	57871422	57871995	2	2	1	0	1	4
chr12	68986850	69037674	2	2	0	0	2	35
chr12	98605160	98605858	2	2	0	0	1	22
chr12	104173583	104174256	1	1	0	0	1	39
chr12	104872703	104924716	2	4	0	0	2	28
chr12	110196424	110393770	1	1	0	0	4	43
chr12	110383263	110391917	2	2	0	0	1	17
chr12	110764214	110793032	1	1	0	0	1	38
chr12	110764214	110807390	1	1	0	0	1	38
chr12	110877445	110878545	2	2	0	0	1	46
chr12	111825196	111859884	1	1	0	0	5	44
chr12	114771822	114821258	1	3	0	0	1	27
chr12	120493926	120495283	1	1	1	0	1	34
chr12	120820549	120824102	2	2	0	0	1	33
chr12	121014115	121036570	1	1	0	0	2	46
chr12	121644518	121707010	2	2	0	0	4	46
chr12	121734696	121778234	2	2	0	0	1	36
chr12	121874591	121896808	2	4	0	0	2	28
chr12	122270632	122275082	2	2	0	0	1	41
chr12	122566174	122612296	2	2	0	0	1	15
chr12	122612200	122727172	0	0	0	0	3	31
chr12	123239651	123339525	2	2	0	0	3	22
chr12	123805822	123814659	1	1	0	0	1	27
chr13	22995036	23071327	1	1	0	0	2	46
chr13	23064938	23071327	1	1	0	0	2	46
chr13	24910087	24911945	2	2	1	0	1	25
chr13	25106048	25135565	2	2	0	0	1	45
chr13	44604404	44633981	1	3	0	0	2	41
chr13	49855392	49930553	2	4	0	0	4	27
chr13	52279277	52282284	1	1	0	0	1	16
chr13	52362020	52369684	2	2	0	0	1	39
chr13	52530330	52533285	2	2	0	0	1	16
chr13	54289453	54345691	2	2	0	0	2	46
chr14	19054712	19055389	1	1	1	0	20	45
chr14	19055523	19055549	0	0	0	0	4	44
chr14	19055575	19055601	1	1	0	0	3	27
chr14	19062467	19064582	1	1	1	0	2	24
chr14	19062467	19066235	1	1	1	0	9	39
chr14	19062467	19068076	1	1	1	0	3	34
chr14	19062467	19068432	1	1	1	0	1	25
chr14	19062467	19130635	1	1	1	0	1	17
chr14	19064694	19065967	1	1	1	0	6	42
chr14	19064694	19066000	1	1	1	0	2	42
chr14	19066116	19066235	1	1	1	0	35	41
chr14	19066348	19067829	1	1	1	0	3	35
chr14	19066348	19068076	1	1	1	0	46	46
chr14	19066348	19068100	1	1	1	0	4	42
chr14	19066348	19068432	1	1	1	0	3	35
chr14	19066348	19130635	1	1	1	0	7	30
chr14	19068101	19105812	1	1	1	0	1	5
chr14	19068148	19100424	1	3	1	0	5	5
chr14	19068215	19068432	1	1	1	0	36	42
chr14	19068526	19104882	2	4	0	0	1	37
chr14	19068569	19069043	1	1	1	0	4	43
chr14	19068569	19074267	1	1	1	0	1	13
chr14	19068569	19130635	1	1	1	0	4	38
chr14	19069932	19106163	1	1	0	0	1	19
chr14	19075475	19075595	2	2	0	0	1	46
chr14	19085730	19086211	1	1	0	0	4	38
chr14	19093007	19095344	1	1	1	0	1	26
chr14	19093007	19096010	1	1	1	0	1	29
chr14	19093007	19103676	1	1	1	0	1	8
chr14	19093007	19130635	1	1	1	0	5	43
chr14	19115271	19130635	1	1	1	0	1	22
chr14	19269381	19284715	2	2	1	0	1	22
chr14	19269381	19307020	2	2	1	0	4	38
chr14	19269381	19331481	2	2	1	0	6	43
chr14	19269381	19333701	2	2	1	0	7	30
chr14	19269381	19337579	2	2	1	0	1	17
chr14	19293864	19330118	2	2	0	0	1	19
chr14	19294215	19331948	2	2	1	0	1	5
chr14	19295136	19331901	2	4	1	0	5	5
chr14	19295146	19331524	1	3	0	0	1	37
chr14	19296352	19307020	2	2	1	0	1	8
chr14	19298952	19303468	2	2	0	0	1	13
chr14	19300091	19331901	2	4	1	0	5	5
chr14	19300405	19300589	1	1	0	0	1	46
chr14	19304015	19307020	2	2	1	0	1	29
chr14	19313838	19314319	0	0	0	0	4	40
chr14	19324455	19324575	1	1	0	0	1	46
chr14	19325782	19331481	2	2	1	0	1	13
chr14	19331007	19331481	2	2	1	0	4	43
chr14	19331618	19331834	2	2	1	0	36	42
chr14	19331618	19333701	2	2	1	0	3	35
chr14	19331618	19337579	2	2	1	0	1	25
chr14	19331949	19333701	2	2	1	0	4	42
chr14	19331973	19333701	2	2	1	0	46	46
chr14	19331973	19337579	2	2	1	0	3	34
chr14	19332220	19333701	2	2	1	0	3	35
chr14	19333814	19333933	2	2	1	0	35	41
chr14	19333814	19337579	2	2	1	0	9	39
chr14	19334049	19335351	2	2	1	0	2	42
chr14	19334082	19335351	2	2	1	0	17	46
chr14	19334082	19337579	2	2	1	0	1	17
chr14	19335463	19337579	2	2	1	0	2	24
chr14	19344635	19345312	2	2	1	0	20	45
chr14	34410494	34445473	2	4	0	0	1	27
chr14	34657255	34701408	2	2	0	0	1	36
chr14	35077683	35093851	2	2	0	0	2	13
chr14	35343074	35391813	1	3	0	0	2	36
chr14	39184409	39186298	1	3	0	0	1	37
chr14	39187555	39205363	1	1	0	0	1	32
chr14	49586686	49586811	1	1	0	0	1	16
chr14	49586789	49635425	1	1	0	0	1	33
chr14	49862618	49862743	2	2	0	0	1	16
chr14	56593942	56610496	2	4	0	0	1	45
chr14	64359393	64390565	2	2	0	0	1	32
chr14	64373780	64457691	1	1	0	0	2	34
chr14	64426705	64457691	1	1	0	0	2	34
chr14	65153739	65172929	1	1	0	0	1	21
chr14	76429680	76455972	1	1	0	0	1	38
chr14	88558598	88589916	1	1	0	0	1	46
chr14	93211176	93211482	1	1	0	0	1	38
chr14	102385093	102481239	1	1	0	0	2	36
chr15	22516991	22517762	1	1	1	0	1	37
chr15	23120391	23121257	1	1	1	0	1	22
chr15	28334844	28334921	1	1	1	0	1	6
chr15	28465380	28681364	1	1	0	0	5	39
chr15	28576707	28576784	2	2	1	0	1	6
chr15	28618379	28618523	1	1	1	0	1	8
chr15	28659400	28681364	1	1	0	0	5	39
chr15	30085843	30086023	1	1	1	0	2	35
chr15	30137941	30138121	1	1	1	0	2	35
chr15	30403894	30404514	1	1	1	0	1	16
chr15	30411200	30411380	2	2	1	0	2	35
chr15	30411441	30412328	2	2	1	0	1	43
chr15	30538544	30540106	2	2	1	0	1	18
chr15	30613788	30614407	2	2	1	0	1	16
chr15	30613788	30625050	2	2	1	0	5	19
chr15	32603204	32603824	2	2	1	0	1	16
chr15	32603204	32614436	2	2	1	0	5	19
chr15	34391427	34398633	2	2	1	0	2	33
chr15	34537648	34544857	2	2	1	0	2	33
chr15	35055327	35071914	2	2	0	0	1	33
chr15	40706564	40851895	2	2	0	0	3	36
chr15	41127381	41157830	2	4	0	0	1	27
chr15	41215561	41247843	2	2	0	0	7	46
chr15	41618260	41683281	2	2	0	0	3	22
chr15	41670572	41683281	2	2	0	0	3	22
chr15	43777503	43778146	1	1	0	0	1	35
chr15	50508920	50689254	1	1	0	0	3	41
chr15	50678025	50689254	1	1	0	0	3	41
chr15	50914051	50925855	2	2	0	0	1	36
chr15	59375943	59398954	1	1	0	0	2	31
chr15	64185671	64192665	2	4	0	0	1	31
chr15	64445412	64484760	1	1	0	0	3	23
chr15	66579765	66602574	2	2	0	0	3	32
chr15	68678533	68722925	1	1	0	0	1	44
chr15	78865886	78876096	2	4	0	0	1	40
chr15	82355375	82369242	1	1	1	0	3	43
chr15	82385302	82450820	1	1	0	0	16	46
chr15	82499727	82513665	2	2	1	0	3	43
chr15	82791247	82812476	2	2	0	0	3	38
chr15	83354543	83360065	1	1	0	0	25	44
chr15	84174158	84174780	1	1	1	0	2	13
chr15	84174158	84181981	1	1	1	0	3	41
chr15	84182084	84185423	1	1	1	0	1	7
chr15	84200877	84202869	2	2	1	0	4	6
chr15	84239406	84239787	1	1	1	0	1	46
chr15	84412876	84420652	2	2	1	0	4	17
chr15	84420030	84420652	2	2	1	0	2	13
chr15	84470695	84472687	1	1	1	0	4	6
chr15	84486718	84491479	2	2	1	0	1	15
chr15	84488136	84491479	2	2	1	0	1	7
chr15	84491582	84499414	2	2	1	0	2	41
chr15	84512834	84513214	2	2	1	0	1	46
chr15	84515035	84526780	2	2	1	0	1	29
chr15	84555071	84569504	2	2	1	0	3	15
chr15	90188090	90216614	0	0	0	0	3	46
chr15	90196161	90237191	2	2	0	0	1	34
chr15	90466902	90475560	1	3	0	0	1	16
chr15	94050910	94101678	1	1	0	0	2	46
chr15	101289766	101291961	2	2	0	0	1	36
chr16	182290	203025	2	2	0	0	2	27
chr16	213797	222712	2	2	0	0	1	22
chr16	2557964	2561479	1	1	1	0	4	21
chr16	2561523	2577424	1	1	1	0	4	30
chr16	2561909	2565552	1	1	1	0	1	5
chr16	2565698	2566355	1	1	1	0	1	38
chr16	2581364	2581606	1	1	1	0	1	43
chr16	2581704	2583411	1	1	1	0	3	40
chr16	2583586	2586675	1	1	1	0	5	44
chr16	2616774	2618481	2	2	1	0	3	40
chr16	2618579	2618821	2	2	1	0	1	43
chr16	2622766	2638669	2	2	1	0	4	30
chr16	2633837	2634494	2	2	1	0	1	38
chr16	2634640	2638283	2	2	1	0	1	5
chr16	2638713	2642228	2	2	1	0	4	21
chr16	2672571	2672706	2	2	1	0	1	17
chr16	3628792	3709047	2	2	0	0	4	46
chr16	3694390	3703014	2	4	0	0	1	20
chr16	4110668	4110731	1	3	0	0	1	37
chr16	4658321	4965446	1	1	0	0	4	46
chr16	14325414	14355887	1	1	0	1	0	37
chr16	14709064	14716067	1	1	1	0	3	34
chr16	14724379	14724487	1	1	1	0	4	16
chr16	14724524	14725882	1	1	1	0	5	36
chr16	14726163	14765156	2	2	0	0	21	44
chr16	14748186	14755191	1	1	1	0	3	34
chr16	14763499	14763607	1	1	1	0	4	16
chr16	14763644	14765002	1	1	1	0	5	36
chr16	14911908	14917539	1	1	1	0	9	37
chr16	14917612	14917732	1	1	1	0	9	40
chr16	14925877	14926003	1	1	1	0	1	14
chr16	14927360	14928380	1	1	1	0	1	15
chr16	14931076	14932570	1	1	1	0	2	28
chr16	14932972	14933065	1	1	1	0	9	34
chr16	14933277	14933366	1	1	1	0	2	12
chr16	14933277	14935159	1	1	0	0	2	40
chr16	14933494	14935159	1	1	1	0	4	44
chr16	14935398	14937564	1	1	1	0	1	36
chr16	14935398	14941811	1	1	0	0	3	46
chr16	14937651	14941811	1	1	1	0	9	23
chr16	14945982	14948929	1	1	1	0	1	7
chr16	14949038	14950049	1	1	1	0	6	40
chr16	14950111	14950219	1	1	1	0	6	18
chr16	14950256	14951614	1	1	1	0	9	39
chr16	14950822	14951614	1	1	1	0	1	3
chr16	14951838	14951963	2	2	0	0	1	47
chr16	15104409	15104479	1	1	0	0	10	25
chr16	15104605	15363789	1	1	0	0	8	46
chr16	15104759	15105548	2	2	1	0	1	3
chr16	15104759	15106114	2	2	1	0	5	36
chr16	15106151	15106259	2	2	1	0	4	16
chr16	15106321	15107329	2	2	1	0	6	40
chr16	15107438	15110413	2	2	1	0	1	7
chr16	15114572	15118925	2	2	1	0	5	41
chr16	15119055	15121843	2	2	1	0	2	33
chr16	15119055	15125690	2	2	1	0	5	30
chr16	15123568	15125690	2	2	0	0	1	40
chr16	15125808	15127469	2	2	1	0	4	44
chr16	15127898	15127991	2	2	1	0	9	34
chr16	15128390	15129881	2	2	1	0	2	28
chr16	15138264	15138384	2	2	1	0	9	40
chr16	15138457	15154349	2	2	1	0	9	37
chr16	15364070	15365428	2	2	1	0	9	39
chr16	15365465	15365573	2	2	1	0	6	18
chr16	15365635	15366652	2	2	1	0	6	40
chr16	15366761	15369711	2	2	1	0	1	7
chr16	15373844	15380927	2	2	1	0	3	34
chr16	20429802	20431219	1	1	0	0	3	19
chr16	20592403	20593829	2	2	0	0	3	19
chr16	21469920	21471653	2	2	1	0	1	36
chr16	21901715	21903448	2	2	1	0	1	36
chr16	21923231	21982072	2	2	0	0	3	46
chr16	22444064	22451619	1	1	1	0	1	10
chr16	22467289	22469022	1	1	1	0	1	36
chr16	23825800	23841769	2	4	0	0	1	15
chr16	28380139	28380291	2	2	1	0	1	13
chr16	28388699	28390290	2	2	1	0	1	22
chr16	28390385	28390519	2	2	1	0	2	12
chr16	28401397	28401538	2	2	1	0	1	8
chr16	28401605	28403517	2	2	1	0	1	20
chr16	28638481	28648134	1	1	1	0	3	42
chr16	28711788	28713700	1	1	1	0	1	20
chr16	28713767	28713908	1	1	1	0	1	8
chr16	28724784	28724918	1	1	1	0	2	12
chr16	28725013	28726604	1	1	1	0	1	22
chr16	28735020	28735172	1	1	1	0	1	13
chr16	28752593	28762250	1	1	1	0	3	42
chr16	28758084	28762250	1	1	1	0	1	36
chr16	29390137	29390248	2	2	1	0	1	10
chr16	29390349	29393947	2	2	1	0	4	41
chr16	29491663	29491774	2	2	1	0	1	10
chr16	29491875	29495478	2	2	1	0	4	41
chr16	29495608	29499997	2	2	1	0	1	36
chr16	30413666	30413799	2	4	0	0	1	16
chr16	31100925	31236333	1	1	0	0	3	31
chr16	31115007	31116294	2	2	0	0	3	38
chr16	31173023	31173973	2	2	0	0	2	42
chr16	32741419	32742321	1	1	1	0	2	3
chr16	32742425	32747487	1	1	1	0	1	11
chr16	32748174	32748670	1	1	1	0	1	13
chr16	32758604	32758695	1	1	1	0	3	41
chr16	33111713	33111804	2	2	1	0	3	41
chr16	33112150	33112445	2	2	1	0	1	3
chr16	33121738	33122234	2	2	1	0	1	13
chr16	33122921	33127983	2	2	1	0	1	11
chr16	33128087	33128991	2	2	1	0	2	3
chr16	56609058	56609262	1	1	1	0	21	45
chr16	56633406	56633750	1	1	1	0	11	28
chr16	56639330	56639858	1	1	1	0	9	36
chr16	56658087	56658674	1	1	1	0	1	14
chr16	56658741	56659072	1	1	1	0	3	35
chr16	56666971	56667311	2	2	1	0	25	35
chr16	56683231	56683957	1	1	1	0	2	26
chr16	58649559	58654105	2	2	0	0	4	44
chr16	66807576	66976698	1	1	0	0	3	38
chr16	67597570	67602094	2	2	0	0	1	31
chr16	68696194	68735334	1	1	0	0	1	19
chr16	68906116	68926429	1	1	0	0	1	32
chr16	69266152	69296507	1	1	0	0	3	25
chr16	70176665	70242188	1	1	0	0	2	19
chr16	70230485	70370825	0	0	0	0	7	36
chr16	70579466	70609289	1	3	0	0	2	13
chr16	71874597	71925155	1	3	0	0	2	21
chr16	71899809	71999056	1	1	0	0	4	33
chr16	75303136	75316916	1	1	0	0	1	32
chr16	75303302	75316916	1	1	0	0	1	32
chr16	85971346	86017417	1	3	0	0	1	25
chr16	89778463	89778800	2	2	1	0	1	4
chr16	89782161	89799778	1	1	0	0	1	40
chr16	89896599	89911838	1	3	0	0	1	27
chr17	1139297	1189394	1	3	0	0	2	27
chr17	1671774	1701807	2	2	0	0	1	46
chr17	2280377	2281239	2	4	0	0	1	24
chr17	2289009	2328518	1	1	0	0	2	23
chr17	2923187	2927300	2	2	0	0	1	31
chr17	3819343	3826798	1	1	0	0	2	46
chr17	4358739	4361313	1	1	0	0	1	25
chr17	4400562	4403672	2	2	0	0	1	41
chr17	4925492	4964593	2	2	0	0	1	46
chr17	5021407	5054165	2	2	0	0	1	25
chr17	5149278	5208579	2	2	0	0	2	47
chr17	6238623	6239703	1	1	1	0	3	7
chr17	6239725	6385673	1	3	0	0	3	21
chr17	6971485	6980519	1	1	0	0	1	28
chr17	8260768	8293694	1	1	0	0	1	18
chr17	16228621	16230093	2	2	0	0	5	46
chr17	16449848	16455163	2	2	0	0	1	19
chr17	17329211	17332012	2	2	0	0	1	29
chr17	18693455	18768298	2	2	0	0	5	46
chr17	18740994	18768298	2	2	0	0	5	46
chr17	18783342	19057591	1	1	0	0	4	26
chr17	18895229	18901522	1	1	0	0	1	17
chr17	19062223	19188325	1	1	0	0	5	42
chr17	19062647	19062780	1	1	0	0	1	42
chr17	19064047	19190155	2	2	0	0	78	46
chr17	19093627	19096082	1	1	1	0	2	6
chr17	19111786	19111919	2	2	0	0	1	42
chr17	19112547	19190155	2	2	0	0	78	46
chr17	19112549	19190155	2	2	1	0	4	4
chr17	19156006	19158461	2	2	1	0	2	6
chr17	19188748	19188881	1	1	0	0	1	42
chr17	19626536	19640163	1	1	0	0	1	46
chr17	21013860	21035815	1	1	0	0	1	46
chr17	21312282	21313491	1	1	1	0	1	16
chr17	21774490	21775699	2	2	1	0	1	16
chr17	27228921	27376223	1	1	0	0	3	46
chr17	29236311	29273121	2	2	0	0	2	38
chr17	29569963	29570437	1	3	1	0	2	25
chr17	31563329	31577373	2	2	0	0	2	46
chr17	31880091	31902388	1	1	0	0	1	17
chr17	31950207	31951043	1	1	0	0	3	43
chr17	32027841	32030655	1	1	1	0	1	47
chr17	37433813	37435104	1	1	0	0	1	33
chr17	38077414	38078717	1	1	0	0	2	35
chr17	38078347	38101402	1	1	1	0	4	38
chr17	38111523	38114778	1	1	1	0	1	7
chr17	38114887	38117539	1	1	1	0	6	37
chr17	38117741	38118186	1	1	1	0	2	34
chr17	38117741	38122799	1	1	0	0	5	39
chr17	38118284	38118407	1	1	1	0	11	34
chr17	38118442	38119292	1	1	1	0	17	34
chr17	38118442	38124582	1	1	0	0	2	34
chr17	38119408	38122799	1	1	1	0	2	5
chr17	38122965	38124038	1	1	1	0	31	42
chr17	38124144	38124569	1	1	1	0	38	42
chr17	38195928	38202071	2	2	0	0	2	34
chr17	38195941	38196366	2	2	1	0	38	42
chr17	38196472	38197545	2	2	1	0	31	42
chr17	38196524	38197545	2	2	1	0	1	21
chr17	38197711	38201104	2	2	1	0	2	5
chr17	38197711	38202780	2	2	0	0	5	39
chr17	38197711	38205634	2	2	1	0	1	3
chr17	38201220	38202071	2	2	1	0	17	34
chr17	38202106	38202237	2	2	1	0	11	34
chr17	38202335	38202780	2	2	1	0	2	34
chr17	38202982	38205634	2	2	1	0	6	37
chr17	38205743	38208994	2	2	1	0	1	7
chr17	38219124	38242200	2	2	1	0	4	38
chr17	38241830	38243131	2	2	0	0	2	35
chr17	39412311	39414751	2	2	0	0	2	34
chr17	42014415	42015584	2	4	0	0	1	45
chr17	42924402	43001876	1	1	0	0	3	46
chr17	42924402	43029680	1	1	0	0	5	29
chr17	43009540	43057620	1	1	0	0	1	45
chr17	43404884	43408982	2	2	0	0	1	43
chr17	43459522	43474285	2	2	0	0	1	38
chr17	48091792	48096578	2	4	0	0	1	42
chr17	50213916	50214100	1	1	1	0	1	6
chr17	51313002	51313437	1	1	0	0	1	45
chr17	59077640	59099012	0	0	0	0	5	41
chr17	59586234	59587895	1	1	1	0	5	35
chr17	59588054	59598736	1	1	1	0	1	21
chr17	59598852	59599374	1	1	1	0	1	17
chr17	59599484	59602521	1	1	1	0	4	29
chr17	59883016	59884723	2	2	0	0	2	29
chr17	59908672	60079328	1	3	0	0	4	35
chr17	59976133	59976655	2	2	1	0	1	17
chr17	59976771	59987446	2	2	1	0	1	21
chr17	59987605	59989263	2	2	1	0	4	26
chr17	67797807	67972474	2	2	0	0	3	21
chr17	67989407	68217900	2	2	0	0	5	23
chr17	68001735	68217900	2	2	0	0	5	23
chr17	72746711	72784317	2	4	0	0	1	27
chr17	75066228	75092401	1	3	0	0	1	27
chr17	75156876	75209674	2	2	0	0	2	46
chr17	75175715	75204930	2	2	0	0	1	32
chr17	75204636	75204936	2	2	0	0	1	38
chr17	75284376	75418519	2	4	0	0	3	27
chr17	75389743	75401342	1	3	0	0	1	23
chr17	75800524	75838885	1	1	0	0	1	46
chr17	76335466	76335812	2	2	0	0	3	30
chr17	82266846	82307317	1	1	0	0	1	46
chr17	82714117	82715566	2	2	1	0	1	30
chr17	82814935	82853591	1	1	0	0	1	36
chr18	837367	844321	2	4	0	0	2	38
chr18	3657698	3700704	1	1	0	0	1	38
chr18	7314654	7358693	2	2	0	0	1	46
chr18	7410778	7435097	2	2	0	0	4	46
chr18	12859255	12869024	2	2	1	0	3	46
chr18	22815629	22849724	2	2	0	0	3	46
chr18	58850211	58874439	1	1	0	0	1	27
chr19	702362	718117	1	1	0	3	0	36
chr19	834905	1101013	1	1	0	0	4	44
chr19	838112	1101013	1	1	0	0	4	44
chr19	1994646	1999848	1	1	0	0	1	42
chr19	2324197	2324741	2	2	1	0	1	44
chr19	2882213	2900072	1	1	0	0	1	40
chr19	2965825	2966180	1	1	0	0	1	33
chr19	3575738	3584691	1	1	0	0	3	41
chr19	4204078	4264421	2	2	0	0	2	25
chr19	4329231	4330412	2	2	0	0	1	18
chr19	4674580	4676003	2	2	0	0	1	21
chr19	4814063	4833504	1	3	0	0	2	27
chr19	4839898	4862364	2	2	0	0	3	23
chr19	4842577	4922000	1	1	0	0	4	17
chr19	5609386	5641011	2	2	0	0	1	22
chr19	6444900	6543691	2	2	0	0	2	41
chr19	6612721	6627500	2	2	0	0	1	39
chr19	7296610	7305713	2	4	0	0	1	45
chr19	7835494	7875466	1	1	0	0	1	14
chr19	8190331	8217769	2	2	0	0	2	31
chr19	10098754	10198777	1	1	0	0	3	28
chr19	10576511	10760289	2	2	0	0	4	39
chr19	10652624	10652947	2	2	0	0	2	33
chr19	11108194	11110438	2	4	0	0	1	22
chr19	11146431	11146505	2	2	0	0	1	42
chr19	11557829	11561775	1	1	0	0	2	37
chr19	14397936	14398061	1	1	1	0	3	46
chr19	14490600	14490897	2	2	0	0	1	46
chr19	14765398	14765523	2	2	1	0	3	46
chr19	17332017	17332332	2	2	0	0	1	40
chr19	19361872	19384263	2	2	0	0	5	42
chr19	21328142	21329209	2	2	1	0	1	29
chr19	21744116	21744940	2	2	1	0	1	23
chr19	22072936	22073468	1	1	1	0	1	16
chr19	37737961	37746624	1	3	0	0	1	27
chr19	38106338	38118764	2	2	0	0	2	41
chr19	38560702	38573652	2	4	0	0	1	26
chr19	39337011	39338679	2	2	0	1	0	17
chr19	40108199	40108374	2	2	0	0	3	44
chr19	40437499	40469725	2	2	0	0	2	25
chr19	40801416	40826563	1	1	0	0	1	21
chr19	40966736	40966775	2	2	0	0	1	43
chr19	41122134	41122821	1	1	1	0	1	8
chr19	43477744	43509432	1	1	0	0	2	33
chr19	44170096	44172087	1	1	1	0	1	4
chr19	44783314	44837239	2	4	0	0	2	45
chr19	45857727	45858750	1	1	0	0	1	44
chr19	46353990	46375603	1	1	1	0	1	31
chr19	46830503	47030254	2	2	0	0	3	46
chr19	47014870	47030254	2	2	0	0	1	46
chr19	47143336	47254705	2	2	0	0	8	46
chr19	47712520	47721456	1	1	0	0	2	17
chr19	47938945	47944324	2	2	0	0	1	25
chr19	48418264	48570954	2	2	0	0	5	44
chr19	49330915	49477714	2	4	0	0	3	27
chr19	50075194	50075398	1	1	1	0	1	8
chr19	50373769	50420690	1	1	0	0	1	16
chr19	50622482	50622686	2	2	1	0	3	8
chr19	50622756	50625161	2	2	1	0	2	22
chr19	52707543	52714014	2	2	0	0	3	47
chr19	52728832	52729905	2	2	1	0	2	20
chr19	52817308	52984176	1	1	0	0	3	45
chr19	52881984	52888126	2	2	1	0	2	21
chr19	52908180	52915195	2	2	1	0	2	21
chr19	52919785	52919824	1	1	0	0	1	43
chr19	55291991	55380655	2	2	0	0	5	46
chr19	55959490	55990595	1	3	0	0	2	41
chr19	57820550	57853775	1	1	0	0	3	42
chr19	57839150	57840837	1	1	1	0	6	44
chr19	57856234	57858575	1	1	1	0	1	16
chr19	57869268	57870951	1	3	0	0	1	20
chr19	57875227	57876915	2	2	1	0	4	44
chr19	57910115	57912059	2	2	1	0	1	16
chr19	57915666	57916378	2	2	1	0	1	5
chr20	2578191	2592022	1	1	0	0	1	28
chr20	3909311	3925464	2	2	0	0	1	33
chr20	5613549	5621974	2	2	0	0	1	14
chr20	15206937	15234232	2	2	0	0	2	33
chr20	25751339	25752562	1	1	1	0	1	32
chr20	28583111	28586298	2	2	1	0	3	31
chr20	29091720	29094346	1	1	1	0	1	37
chr20	29096833	29100368	0	0	1	0	3	31
chr20	29100461	29101442	1	1	1	0	1	3
chr20	29101551	29102725	1	1	1	0	2	41
chr20	29480183	29481357	2	2	1	0	4	41
chr20	29481469	29482453	2	2	1	0	16	45
chr20	29485842	29488098	0	0	1	0	1	34
chr20	32147826	32230667	2	4	0	0	4	27
chr20	32599380	32637388	2	2	0	0	1	25
chr20	32678849	32749227	1	1	0	0	2	42
chr20	33548475	33705220	2	2	0	0	5	46
chr20	34101906	34196405	2	2	0	0	3	46
chr20	34810676	34829897	2	2	0	0	1	39
chr20	35476992	35480735	1	3	0	0	1	40
chr20	35746854	35763814	1	3	0	0	2	27
chr20	36976049	37001519	1	1	0	0	4	28
chr20	43300371	43468780	0	0	0	0	4	42
chr20	47342422	47370709	2	2	0	0	1	35
chr20	49782546	49829301	2	2	0	0	1	36
chr20	63630210	63826507	1	1	0	0	5	46
chr21	6318605	6320826	1	1	1	0	1	41
chr21	6318605	6320844	1	1	1	0	4	29
chr21	6318605	6320871	1	1	1	0	21	41
chr21	6318605	6320882	1	1	1	0	16	38
chr21	6318605	6725890	1	1	0	0	4	12
chr21	6320975	6322599	1	1	1	0	1	7
chr21	6320975	6353085	1	1	1	0	1	3
chr21	6322698	6329547	1	1	1	0	23	47
chr21	6322698	6353085	1	1	1	0	3	40
chr21	6324087	6329547	1	1	1	0	4	45
chr21	6329624	6353085	1	1	1	0	1	3
chr21	6330285	6359615	1	1	0	0	2	29
chr21	6348305	6353085	1	1	1	0	3	25
chr21	6636041	6640821	2	2	1	0	3	25
chr21	6636041	6659502	2	2	1	0	1	3
chr21	6636041	6666428	2	2	1	0	3	40
chr21	6659579	6665039	2	2	1	0	4	45
chr21	6659579	6666428	2	2	1	0	23	47
chr21	6666527	6668151	2	2	1	0	1	7
chr21	6668244	6670521	2	2	1	0	16	38
chr21	6668255	6670521	2	2	1	0	21	41
chr21	6668282	6670521	2	2	1	0	4	29
chr21	6668300	6670521	2	2	1	0	1	41
chr21	6986649	6992109	2	2	1	0	4	45
chr21	6986649	6993498	2	2	1	0	23	47
chr21	6993597	6995221	2	2	1	0	1	7
chr21	6995191	6997591	2	2	1	0	1	38
chr21	6995314	6997591	2	2	1	0	16	38
chr21	6995325	6997591	2	2	1	0	22	41
chr21	6995352	6997591	2	2	1	0	4	29
chr21	6995370	6997591	2	2	1	0	1	41
chr21	7049061	7081048	1	1	1	0	5	36
chr21	7085683	7086967	1	1	1	0	1	16
chr21	7086300	7086662	1	1	0	0	1	31
chr21	7430839	7462826	1	1	1	0	6	36
chr21	7467461	7468745	1	1	1	0	1	16
chr21	7468078	7468440	1	1	0	0	1	31
chr21	7616492	7617320	1	1	1	0	2	32
chr21	7669660	7670944	2	2	1	0	1	16
chr21	7669965	7670327	2	2	0	0	1	31
chr21	8105227	8106055	2	2	1	0	2	32
chr21	8759139	8761275	1	1	1	0	2	22
chr21	9077715	9127488	2	2	1	0	1	28
chr21	9329998	9330173	1	1	0	0	1	21
chr21	9329998	9330599	1	1	0	0	1	21
chr21	17677653	17717889	1	1	0	0	1	46
chr21	25009081	25020521	1	1	0	0	1	26
chr21	31032261	31096693	1	1	0	0	3	46
chr21	32314434	32355859	2	2	0	0	1	30
chr21	33490543	33533208	1	1	0	0	1	32
chr21	36281226	36298872	1	1	0	0	1	35
chr21	36283332	36313012	2	2	0	0	1	32
chr21	43745279	43745459	1	3	0	0	2	41
chr21	44020295	44023199	0	0	0	0	3	36
chr22	11827659	11832760	1	1	1	0	1	8
chr22	12159593	12164722	2	2	1	0	1	8
chr22	12298879	12309647	2	2	1	0	3	46
chr22	17016836	17040231	2	4	0	0	1	38
chr22	17276150	17352279	2	2	0	0	2	45
chr22	17421401	17462189	1	1	0	0	1	39
chr22	17676202	17680250	2	4	0	0	1	36
chr22	17705530	17801385	2	2	0	0	2	41
chr22	18173843	18176771	1	1	1	0	1	43
chr22	18345254	18345334	1	1	1	0	2	11
chr22	18517066	18517146	2	2	1	0	2	11
chr22	18774387	18774467	2	2	1	0	2	11
chr22	21103227	21115928	1	1	1	0	5	5
chr22	21106246	21115928	1	1	1	0	3	6
chr22	21115991	21116150	1	3	0	0	1	26
chr22	21358993	21543044	0	0	0	0	25	47
chr22	21391720	21428465	1	1	0	0	1	46
chr22	23967023	23967128	1	1	0	0	2	26
chr22	23967023	23967385	1	1	1	0	409	46
chr22	23967562	23968143	1	1	0	0	4	25
chr22	23971624	23973104	2	2	1	0	5	35
chr22	23971624	23973553	2	2	0	0	2	15
chr22	23971624	23973767	2	2	1	0	322	46
chr22	23971624	23974306	2	2	0	0	9	43
chr22	23973186	23973767	2	2	0	0	4	25
chr22	23973944	23974306	2	2	1	0	409	46
chr22	23974201	23974306	2	2	0	0	2	26
chr22	24248219	24248522	2	2	1	0	3	13
chr22	24628389	24628692	1	1	1	0	3	13
chr22	29237459	29248236	1	1	0	0	1	30
chr22	29538849	29551171	1	1	0	0	1	28
chr22	31524187	31545349	1	1	0	0	1	16
chr22	31745307	31756850	1	3	0	0	2	44
chr22	32239798	32366615	1	1	0	0	3	41
chr22	36477453	36479576	2	2	0	0	2	34
chr22	39144871	39172635	1	1	1	1	0	4
chr22	40228679	40261452	2	4	0	0	2	22
chr22	40470808	40488691	1	1	0	0	1	40
chr22	41062915	41088763	1	1	0	0	1	32
chr22	41131983	41201026	1	1	0	0	2	46
chr22	41389235	41390339	2	2	0	0	1	28
chr22	41395095	41426506	2	2	0	0	1	45
chr22	41930312	41961262	2	2	0	0	1	44
chr22	42489374	42538596	1	1	0	0	2	38
chr22	42658922	42706327	2	4	0	0	1	27
chr22	43069328	43091613	1	1	0	0	1	37
chr22	50199329	50200075	2	2	1	0	1	35
chr22	50384419	50384868	1	1	0	0	3	32
chrX	641476	786964	1	1	0	0	4	41
chrX	744632	821007	2	2	0	0	2	41
chrX	747698	786964	1	1	0	0	4	41
chrX	764707	782477	2	2	0	0	1	39
chrX	1121976	1132099	1	1	0	0	1	38
chrX	1216450	1250046	2	4	0	0	2	30
chrX	4056675	4081968	2	2	0	0	1	45
chrX	7843306	7843497	1	1	1	0	2	3
chrX	8170350	8170541	2	2	1	0	2	3
chrX	10583806	10583938	1	1	0	0	1	42
chrX	16636710	16668359	1	1	0	0	1	40
chrX	16701854	16732526	2	4	0	0	1	38
chrX	18824752	18834355	2	4	0	0	1	27
chrX	23847412	23903154	1	1	0	0	2	46
chrX	23926020	23937655	2	2	0	0	4	33
chrX	28985892	29008408	2	2	0	0	3	31
chrX	34314621	34349396	1	1	0	0	1	16
chrX	37960910	37989986	2	4	0	0	1	39
chrX	41320044	41397827	2	2	0	0	2	39
chrX	41362320	41455337	2	2	0	0	2	41
chrX	44050663	44080802	2	2	0	0	1	31
chrX	44609998	44624858	2	2	0	0	1	41
chrX	46462875	46463197	1	1	1	0	3	47
chrX	46528910	46542072	2	2	1	0	3	43
chrX	51491750	51495950	2	2	1	0	1	41
chrX	51898644	51900181	1	1	1	0	1	22
chrX	52497458	52497984	1	1	1	0	10	46
chrX	52497474	52497984	1	1	1	0	1	25
chrX	52498112	52500701	1	1	1	0	23	47
chrX	52512188	52514777	2	2	1	0	23	47
chrX	52514905	52515415	2	2	1	0	1	25
chrX	52514905	52515431	2	2	1	0	8	46
chrX	52896328	52896744	2	4	0	0	1	13
chrX	52899493	52907748	2	4	0	0	2	18
chrX	52948066	52956321	1	3	0	0	2	18
chrX	52959070	52959486	1	3	0	0	1	13
chrX	53958567	53978583	1	1	0	0	1	45
chrX	66427791	66547254	2	2	0	0	3	19
chrX	70749988	70785533	2	2	0	0	1	35
chrX	71260182	71405512	1	3	0	0	3	32
chrX	74940954	74948588	1	1	0	0	1	21
chrX	101615468	101616671	2	2	0	0	4	29
chrX	101615761	101616671	2	2	1	0	9	45
chrX	102323853	102326262	1	1	1	0	1	10
chrX	102326324	102326469	1	1	1	0	2	23
chrX	102360646	102360791	2	2	1	0	2	23
chrX	102360853	102363262	2	2	1	0	1	10
chrX	103215765	103216148	1	1	1	0	5	26
chrX	103309982	103310357	2	2	1	0	5	26
chrX	103962724	103964505	1	1	1	0	43	47
chrX	103964623	103965538	1	1	1	0	20	41
chrX	104060850	104061682	2	4	1	0	2	38
chrX	104061879	104062078	2	2	1	0	3	34
chrX	104073325	104074240	2	2	1	0	20	41
chrX	104074358	104076139	2	2	1	0	43	47
chrX	107638436	107670827	1	1	0	0	2	17
chrX	119487587	119487705	2	2	0	0	1	47
chrX	119836137	119884395	2	2	0	0	1	44
chrX	121240316	121448825	2	2	0	0	5	27
chrX	123846261	123910642	1	1	0	0	2	19
chrX	123846273	123892152	1	1	0	0	1	46
chrX	123945816	123972503	2	2	0	0	1	39
chrX	124001142	124015436	1	1	0	0	1	32
chrX	135032576	135033124	1	1	1	0	1	31
chrX	135051369	135051916	2	2	1	0	15	47
chrX	138264704	138270284	2	2	0	0	1	23
chrX	140733965	140735611	1	1	1	0	1	31
chrX	141084961	141123368	1	1	0	1	0	30
chrX	141589840	141590486	1	1	1	0	7	37
chrX	141697687	141698333	2	2	1	0	4	37
chrX	149545501	149545601	1	1	1	0	2	44
chrX	149545884	149546738	1	1	1	0	25	41
chrX	149546918	149549415	1	1	1	0	1	7
chrX	149551100	149557347	0	0	0	0	5	41
chrX	149922141	149928388	0	0	0	0	5	32
chrX	149930082	149932588	2	2	1	0	1	7
chrX	149932571	149938371	1	1	0	0	1	26
chrX	149932768	149933621	2	2	1	0	25	41
chrX	149933904	149934004	2	2	1	0	2	44
chrX	149934138	149934376	2	2	1	0	1	30
chrX	149934138	149937432	2	2	1	0	1	46
chrX	154552190	154556164	1	1	1	0	1	37
chrX	154562954	154563558	1	1	1	0	3	5
chrX	154581786	154581881	0	0	0	0	4	30
chrX	154622540	154622635	0	0	0	0	4	35
chrX	154640879	154641484	2	2	1	0	3	5
chrX	155348891	155349581	1	1	1	0	11	28
chrX	155348966	155349581	1	1	1	0	1	26
chrX	155491667	155492281	2	2	1	0	1	26
chrX	155491667	155492356	2	2	1	0	11	28
chrX	155492496	155506897	2	2	1	0	5	44
chrX	155598487	155672999	1	1	0	0	2	13
chrY	641476	786964	1	1	0	0	4	41
chrY	744632	821007	2	2	0	0	2	41
chrY	747698	786964	1	1	0	0	4	41
chrY	764707	782477	2	2	0	0	1	39
chrY	1121976	1132099	1	1	0	0	1	38
chrY	1216450	1250046	2	4	0	0	2	30
chrY	20507210	20629276	2	2	0	0	4	28
chrY	20958814	20989216	1	1	0	0	1	12
MU273333.1	665322	665982	2	2	1	0	1	42
MU273333.1	989703	991375	1	1	0	0	1	41
MU273333.1	992448	993108	1	1	1	0	1	42
MU273333.1	1179833	1180493	1	1	1	0	1	42
MU273342.1	88635	89082	1	1	0	0	2	14
MU273342.1	92877	93041	1	1	1	0	8	45
MU273342.1	93216	97584	1	1	1	0	1	34
MU273342.1	158186	158279	1	1	1	0	1	4
MU273342.1	158332	192049	1	1	0	0	1	21
MU273342.1	158353	160013	1	1	1	0	1	29
MU273342.1	160209	161895	1	1	1	0	1	6
MU273342.1	161925	188239	1	1	0	0	1	29
MU273342.1	162100	163784	1	1	1	0	3	29
MU273342.1	163814	163915	1	1	1	0	4	29
MU273342.1	163989	165675	1	1	1	0	6	29
MU273342.1	165705	165806	1	1	1	0	2	29
MU273342.1	165705	188239	1	1	0	0	3	29
MU273342.1	178795	178888	1	1	1	0	1	9
MU273342.1	184571	186243	1	1	1	0	1	29
MU273342.1	186273	186366	1	1	1	0	1	21
MU273342.1	186440	188116	1	1	1	0	2	29
MU273342.1	188146	188239	1	1	1	0	4	29
MU273342.1	188313	189998	1	1	1	0	5	29
MU273342.1	190028	190122	1	1	1	0	4	29
MU273342.1	190196	191874	1	1	1	0	4	20
MU273342.1	191904	191997	1	1	1	0	9	29
MU273342.1	192071	193747	1	1	1	0	6	21
MU273342.1	193777	193871	1	1	1	0	3	10
MU273342.1	193945	199503	1	1	1	0	4	35
MU273342.1	193945	199506	1	1	1	0	8	45
MU273342.1	199578	208427	1	1	1	0	20	46
MU273342.1	199578	215963	1	1	0	0	1	40
MU273342.1	208570	209822	1	1	0	0	1	18
MU273342.1	208570	215963	1	1	1	0	64	42
MU273342.1	216178	218543	1	1	1	0	8	14
MU273342.1	218728	219854	1	1	1	0	11	36
MU273342.1	220770	222173	1	1	1	0	2	34
MU273342.1	222327	223841	1	1	1	0	4	7
MU273342.1	223913	224249	1	1	1	0	5	41
MU273342.1	224344	224841	1	1	1	0	2	45
MU273342.1	247650	258741	1	3	0	0	2	18
MU273342.1	247835	251666	2	2	0	0	1	37
MU273342.1	259484	259575	1	1	1	0	1	42
MU273342.1	259706	266237	1	1	1	0	8	40
MU273342.1	260222	266237	1	1	1	0	7	41
MU273342.1	398700	409801	2	4	0	0	2	18
MU273342.1	405785	409616	1	1	0	0	1	37
MU273342.1	433097	433594	2	2	1	0	2	45
MU273342.1	433689	434025	2	2	1	0	5	41
MU273342.1	434097	435611	2	2	1	0	4	7
MU273342.1	435765	437168	2	2	1	0	2	34
MU273342.1	438084	439210	2	2	1	0	11	36
MU273342.1	439395	441762	2	2	1	0	8	14
MU273342.1	441977	448031	2	2	0	0	1	38
MU273342.1	441977	449356	2	2	1	0	64	42
MU273342.1	441977	458341	2	2	0	0	1	40
MU273342.1	448104	449356	2	2	0	0	1	18
MU273342.1	449499	458341	2	2	1	0	18	46
MU273342.1	458413	462330	2	2	0	0	3	20
MU273342.1	458416	462330	2	2	1	0	4	35
MU273342.1	462404	462498	2	2	1	0	3	10
MU273342.1	462528	464198	2	2	1	0	5	17
MU273342.1	464272	464365	2	2	1	0	15	29
MU273342.1	464395	466064	2	2	1	0	9	29
MU273342.1	468015	468109	2	2	1	0	4	29
MU273342.1	468139	469820	2	2	1	0	5	29
MU273342.1	469894	469987	2	2	1	0	5	41
MU273342.1	470017	471696	2	2	1	0	2	29
MU273342.1	473640	473733	2	2	1	0	1	9
MU273342.1	477512	479198	2	2	1	0	2	12
MU273342.1	479272	479373	2	2	1	0	2	9
MU273342.1	481164	481256	2	2	1	0	2	29
MU273342.1	481286	482967	2	2	1	0	3	29
MU273342.1	483041	483134	2	2	1	0	3	6
MU273342.1	483164	484829	2	2	1	0	3	29
MU273342.1	485026	486695	2	2	1	0	1	20
MU273342.1	506600	510974	2	2	1	0	4	24
MU273342.1	511149	511314	2	2	1	0	8	45
MU273342.1	515108	515555	2	2	0	0	2	14
MU273374.1	779941	787767	1	1	1	0	3	41
MU273374.1	787870	792627	1	1	1	0	1	20
MU273374.1	846205	846459	1	1	0	0	1	30
MU273374.1	846283	846459	1	1	0	0	1	30
MU273374.1	846361	846459	1	1	0	0	1	30
MU273374.1	846439	846459	1	1	0	0	4	42
MU273374.1	1006881	1018626	2	2	1	0	1	29
MU273374.1	1046917	1061350	2	2	1	0	3	15
ML143371.1	4055003	4055856	1	1	1	0	1	34
ML143371.1	4193266	4194119	2	2	1	0	1	34
ML143345.1	180469	181466	1	1	0	0	2	12
ML143345.1	279769	280766	2	2	0	0	2	12
KV575244.1	400633	400983	1	1	0	0	2	31
KV575244.1	423497	423851	2	2	0	0	2	31
KZ208915.1	586534	586571	0	0	0	0	3	30
KZ208915.1	1059106	1061547	2	2	0	0	1	14
KV880768.1	1122966	1181808	1	1	0	0	3	46
KV880768.1	1337947	1363908	1	1	0	0	1	40
KV880768.1	1723219	1749185	2	2	0	0	1	40
KI270847.1	325738	326044	1	1	0	0	1	38
KI270848.1	220907	221773	1	1	1	0	1	22
KI270906.1	89901	90767	1	1	1	0	1	22
KI270905.1	894170	894314	1	1	1	0	1	8
KI270850.1	85749	239861	1	1	0	0	18	46
KI270850.1	85762	174424	2	2	0	0	3	37
KI270850.1	117280	271406	1	1	0	0	16	37
KI270850.1	174412	239861	1	1	0	0	18	46
KI270850.1	266204	266282	2	2	1	0	1	9
KI270850.1	266379	266473	2	2	1	0	1	27
MU273375.1	137528	144733	2	2	1	0	2	33
KI270853.1	298969	299153	2	2	0	0	1	24
KI270853.1	299026	299153	2	2	0	0	2	24
KI270853.1	508168	646426	1	1	0	0	3	42
KI270853.1	529788	532616	1	1	1	0	1	15
KI270853.1	535374	536865	1	1	1	0	2	28
KI270853.1	537264	537357	1	1	1	0	9	34
KI270853.1	537508	539516	0	0	0	0	4	32
KI270853.1	537786	539447	1	1	1	0	4	44
KI270853.1	539565	541686	1	1	0	0	1	40
KI270853.1	539565	550694	1	1	1	0	5	30
KI270853.1	550824	555176	1	1	1	0	5	41
KI270853.1	564195	564984	1	1	1	0	1	3
KI270853.1	671342	671854	2	2	1	0	1	42
KI270853.1	683586	685082	2	2	0	0	1	40
KI270853.1	717653	717780	1	1	0	0	2	24
KI270853.1	717653	717837	1	1	0	0	1	24
KI270853.1	717653	717906	1	1	0	0	1	24
KI270853.1	718118	718910	2	2	1	0	1	3
KI270853.1	727927	732086	2	2	1	0	9	23
KI270853.1	727927	734339	2	2	0	0	3	46
KI270853.1	732173	734339	2	2	1	0	1	36
KI270853.1	734507	736519	0	0	0	0	4	34
KI270853.1	734578	736243	2	2	1	0	4	44
KI270853.1	734578	736460	2	2	0	0	2	40
KI270853.1	736371	736460	2	2	1	0	2	12
KI270853.1	736672	736765	2	2	1	0	9	34
KI270853.1	737167	738661	2	2	1	0	2	28
KI270853.1	741383	744227	2	2	1	0	1	15
KI270853.1	745584	745710	2	2	1	0	1	14
KI270853.1	753855	753975	2	2	1	0	4	40
KI270853.1	754048	759678	2	2	1	0	4	37
KI270853.1	791169	791294	2	2	0	0	1	47
KI270853.1	823943	825438	1	1	0	0	1	40
KI270853.1	837174	837686	1	1	1	0	1	42
KI270853.1	862608	875017	2	2	0	0	3	42
KI270853.1	1022016	1023374	2	2	1	0	9	39
KI270853.1	1023411	1023519	2	2	1	0	6	18
KI270853.1	1023581	1024598	2	2	1	0	1	4
GL000258.2	1268660	1268795	1	1	0	0	3	17
GL000258.2	1475036	1475171	2	2	0	0	3	17
KI270862.1	182891	233866	1	3	0	0	2	27
KI270857.1	272054	284000	1	3	0	0	1	22
KI270857.1	1672978	1674270	1	1	0	0	1	33
KI270857.1	2117619	2129115	2	2	0	0	1	19
KI270879.1	203386	203491	1	1	0	0	2	26
KI270879.1	203386	203748	1	1	1	0	409	46
KI270879.1	203925	204506	1	1	0	0	4	25
KI270879.1	207988	209468	2	2	1	0	5	35
KI270879.1	207988	209917	2	2	0	0	2	15
KI270879.1	207988	210131	2	2	1	0	322	46
KI270879.1	207988	210670	2	2	0	0	9	43
KI270879.1	209550	210131	2	2	0	0	4	25
KI270879.1	210308	210670	2	2	1	0	409	46
KI270879.1	210565	210670	2	2	0	0	2	26
MU273337.1	174786	183596	1	1	0	0	1	36
MU273337.1	176155	183596	1	1	0	0	1	42
MU273338.1	345672	368433	1	1	0	0	1	27
MU273349.1	56241	85666	1	3	0	0	1	45
KI270897.1	141264	145735	1	1	1	0	3	11
KI270897.1	492452	523803	2	2	0	0	1	33
KI270897.1	492452	549186	2	2	0	0	5	47
KI270897.1	492452	651350	2	2	0	0	5	47
KI270897.1	665696	668305	2	2	1	0	1	10
KI270897.1	719638	719725	2	2	1	0	3	42
KI270897.1	723423	748326	2	2	1	0	3	11
GL339449.2	348139	349080	1	1	1	0	2	15
GL339449.2	350003	350675	1	1	1	0	4	28
GL339449.2	350727	351101	1	1	1	0	5	36
GL339449.2	350727	377857	1	1	0	0	4	15
GL339449.2	355494	361685	1	1	1	0	15	38
GL339449.2	361777	361994	1	1	1	0	4	26
GL339449.2	362083	362730	1	1	1	0	14	39
GL339449.2	362839	365169	1	1	0	0	1	16
GL339449.2	362839	365337	1	1	1	0	21	46
GL339449.2	363266	363607	1	3	0	0	1	14
GL339449.2	365402	368557	1	1	1	0	28	45
GL339449.2	368662	369217	1	1	1	0	48	47
GL339449.2	369321	373290	1	1	1	0	83	40
GL339449.2	373331	375041	1	1	1	0	60	39
GL339449.2	380668	382851	1	3	0	0	2	30
GL339449.2	621610	625193	2	2	1	0	2	31
GL339449.2	642067	645654	2	2	1	0	2	31
GL339449.2	847308	876850	1	1	1	0	3	14
GL339449.2	876885	878349	1	1	1	0	3	34
GL339449.2	911759	915348	1	1	1	0	4	31
GL339449.2	958293	960475	2	4	0	0	2	30
GL339449.2	963156	963403	0	0	0	0	3	33
GL339449.2	963274	990370	2	2	0	0	4	15
GL339449.2	966092	967802	2	2	1	0	60	39
GL339449.2	967843	971777	2	2	1	0	83	40
GL339449.2	971881	972436	2	2	1	0	48	47
GL339449.2	972541	975701	2	2	1	0	28	45
GL339449.2	975766	978266	2	2	1	0	21	46
GL339449.2	975934	978266	2	2	0	0	1	16
GL339449.2	977498	977839	2	4	0	0	1	14
GL339449.2	978375	979022	2	2	1	0	14	39
GL339449.2	979111	979328	2	2	1	0	8	44
GL339449.2	979420	985595	2	2	1	0	15	29
GL339449.2	989996	990370	2	2	1	0	5	41
GL339449.2	990422	991094	2	2	1	0	4	28
GL339449.2	1134583	1138154	2	2	1	0	2	25
KI270795.1	93756	101223	2	2	0	0	24	46
KI270898.1	89128	98149	2	2	0	0	24	46
GL000251.2	3232253	3235162	1	1	0	0	1	39
GL000252.2	2775547	2856211	2	2	0	0	2	16
GL000252.2	2942386	2993768	2	2	0	0	2	33
GL000252.2	3002758	3005679	1	1	0	0	1	39
GL000254.2	3096869	3099794	1	1	0	0	1	39
KI270810.1	162203	195861	2	2	0	0	1	32
GL000224.1	120168	127119	2	2	0	0	1	25
KI270728.1	1695964	1697113	1	1	1	0	1	12
KI270728.1	1863418	1864561	2	2	1	0	2	33
KI270741.1	62040	68994	2	2	0	0	1	25
KI270743.1	68418	70438	1	1	1	0	1	39
KI270743.1	69018	70438	1	1	1	0	3	24
KI270743.1	206108	207517	2	2	1	0	3	24
