chr1	1388066	1388491	2	2	1	0	1	19
chr1	1388511	1388625	2	2	1	0	1	19
chr1	1416838	1450113	1	1	0	0	1	40
chr1	1455092	1465465	2	4	0	0	1	22
chr1	1645460	1645920	2	2	0	0	1	32
chr1	1712598	1713065	2	2	0	0	1	32
chr1	6415824	6534848	1	3	0	0	3	27
chr1	9616503	9642502	1	1	0	0	1	46
chr1	9953140	9980815	2	2	0	0	1	43
chr1	9980702	10018622	1	1	0	0	1	24
chr1	12219203	12226577	1	1	0	0	2	40
chr1	16649950	16650073	1	1	1	0	7	43
chr1	16757394	16757517	2	2	1	0	7	43
chr1	17450853	17462474	1	1	0	0	1	40
chr1	17704614	17709075	1	1	0	0	1	19
chr1	19537933	19718105	1	1	0	0	3	42
chr1	19632943	19918640	2	2	0	0	4	41
chr1	21036785	21146660	1	1	0	0	3	19
chr1	23541421	23566948	1	3	0	0	1	24
chr1	23623306	23701811	2	4	0	0	4	29
chr1	25317080	25321888	1	1	1	0	2	37
chr1	25321963	25328897	1	1	1	0	3	42
chr1	25362554	25370466	2	2	1	0	5	44
chr1	25375429	25385710	2	2	1	0	1	21
chr1	27814589	27921318	2	4	0	0	6	23
chr1	27901592	27904882	2	2	0	0	1	41
chr1	27925678	27930950	2	2	0	1	0	37
chr1	28210638	28214939	2	2	1	0	2	9
chr1	28214997	28228921	2	2	1	0	2	28
chr1	28277071	28305711	1	1	0	0	2	28
chr1	28328503	28509336	1	1	0	0	6	20
chr1	28508906	28509336	1	1	0	0	1	23
chr1	28521015	28555165	1	1	0	0	2	45
chr1	28529279	28568906	1	1	0	0	1	45
chr1	28532861	28554747	1	3	0	0	1	44
chr1	28929357	28948399	2	2	0	0	1	36
chr1	31048520	31049538	1	3	0	0	1	25
chr1	32222635	32231371	1	1	0	0	1	27
chr1	32224115	32231388	1	3	0	0	1	41
chr1	32567722	32596299	1	3	0	0	1	46
chr1	32646178	32671441	1	1	0	0	1	25
chr1	34853919	34854347	1	1	0	0	2	32
chr1	35040906	35068391	2	4	0	0	4	15
chr1	35156789	35214214	2	2	0	0	3	42
chr1	37861972	37871093	1	1	0	0	1	12
chr1	38876800	38897937	2	4	0	0	1	23
chr1	38894443	38895691	2	4	0	0	1	45
chr1	40068385	40129131	2	4	0	0	2	30
chr1	40251103	40288144	2	2	0	0	1	15
chr1	40682933	40734552	1	1	0	0	3	39
chr1	42277448	42277582	1	1	0	0	2	46
chr1	42775480	42804770	1	1	0	0	1	25
chr1	43353729	43412055	1	1	0	0	2	38
chr1	43392662	43412026	2	4	0	0	2	16
chr1	43733901	43761735	1	1	0	0	2	41
chr1	44552802	44607721	2	2	0	0	5	46
chr1	44866786	44952195	2	2	0	0	2	29
chr1	45313283	45399193	1	3	0	0	2	27
chr1	45456288	45552893	1	1	0	0	2	45
chr1	46627593	46627900	2	2	0	0	1	21
chr1	47311416	47311969	2	2	0	0	1	34
chr1	48192698	48193002	1	1	0	0	1	37
chr1	48192876	48193002	1	1	0	0	1	37
chr1	52500550	52504416	1	1	0	0	2	46
chr1	52658271	52734959	2	2	0	0	2	24
chr1	52693341	52695191	1	3	0	0	1	43
chr1	52984768	53029006	2	2	0	0	1	46
chr1	54690489	54699348	1	3	0	0	1	20
chr1	63471867	63538535	2	2	0	0	2	32
chr1	83172666	83187281	2	2	0	0	1	41
chr1	91504364	91517966	2	4	0	0	2	42
chr1	91824747	91835613	1	1	0	0	5	46
chr1	93371383	93373554	2	2	0	0	1	34
chr1	93878092	93942922	1	1	0	0	3	45
chr1	103170613	103179189	1	3	0	0	1	46
chr1	103551793	103555033	1	1	1	0	1	3
chr1	103577846	103579310	1	1	1	0	7	36
chr1	103663012	103664330	1	1	1	0	7	36
chr1	103687639	103688957	2	2	1	0	7	36
chr1	108798647	108817737	2	2	0	0	1	46
chr1	109081427	109166029	2	4	0	0	2	43
chr1	112842631	112844937	2	2	0	1	0	19
chr1	112997329	113038180	2	2	0	0	2	39
chr1	113033164	113034697	2	2	0	0	2	13
chr1	120233348	120243845	1	1	1	0	2	22
chr1	120233348	120251413	1	1	1	0	1	33
chr1	120251470	120256602	1	1	1	0	3	41
chr1	120267839	120341716	2	2	1	0	1	37
chr1	120278037	120327434	1	1	1	0	1	5
chr1	120319315	120319503	1	1	1	0	8	36
chr1	120578882	120579070	2	2	1	0	8	36
chr1	120641760	120646872	2	2	1	0	3	41
chr1	120646929	120665062	2	2	1	0	1	33
chr1	120654537	120665062	2	2	1	0	2	22
chr1	120913522	120913666	2	2	1	0	1	20
chr1	144324500	144324798	1	1	1	0	4	40
chr1	144324982	144335654	1	1	1	0	1	26
chr1	144337982	144338112	1	1	1	0	2	8
chr1	144630863	144641486	2	2	1	0	1	26
chr1	144641670	144641968	2	2	1	0	4	40
chr1	145853383	145864881	2	4	0	0	1	27
chr1	146252153	146263207	1	1	0	0	3	39
chr1	146985757	146986351	1	1	1	0	2	42
chr1	146986525	146987233	1	1	1	0	20	44
chr1	146987286	146987953	1	1	1	0	1	33
chr1	146990518	146991112	1	1	1	0	2	42
chr1	146991286	146991994	1	1	1	0	20	44
chr1	146992047	146992711	1	1	1	0	1	33
chr1	148024720	148025776	1	1	1	0	2	11
chr1	148584677	148585140	2	2	1	0	2	19
chr1	148702897	148713990	1	1	0	0	3	39
chr1	148863306	148868470	1	1	1	0	3	41
chr1	148868623	148870167	1	1	1	0	3	34
chr1	148868623	148889783	1	1	1	0	2	11
chr1	148889530	148889783	1	1	1	0	3	41
chr1	148905327	148922730	1	1	0	0	21	41
chr1	148929274	148931799	1	1	1	0	7	31
chr1	148931924	148932112	1	1	1	0	7	36
chr1	149071140	149071603	2	2	1	0	2	19
chr1	149176251	149250564	1	1	1	0	1	37
chr1	149190532	149197995	2	2	1	0	12	5
chr1	149190532	149201013	2	2	1	0	5	5
chr1	149198172	149198360	2	2	1	0	18	44
chr1	149198485	149201013	2	2	1	0	7	31
chr1	149201091	149240376	2	2	1	0	4	42
chr1	149240488	149240741	2	2	1	0	3	41
chr1	149240488	149261639	2	2	1	0	2	11
chr1	149260095	149261639	2	2	1	0	3	34
chr1	149261792	149266968	2	2	1	0	3	41
chr1	149274923	149285453	2	2	1	0	2	22
chr1	149480215	149480678	1	1	1	0	2	19
chr1	149520684	149554494	1	1	1	0	2	7
chr1	149530170	149554494	1	1	1	0	2	7
chr1	149553883	149554494	1	1	1	0	2	7
chr1	149833115	149834134	1	1	1	0	2	24
chr1	149833856	149834134	1	1	0	0	1	21
chr1	149833865	149834134	1	1	1	0	9	41
chr1	149843415	149843942	1	1	0	0	1	34
chr1	149856538	149857220	1	1	0	0	1	33
chr1	149859682	149859951	2	2	1	0	9	41
chr1	149859682	149859960	2	2	0	0	1	21
chr1	150294450	150307764	1	1	0	0	1	44
chr1	150443791	150541584	1	1	0	0	2	39
chr1	151077042	151106210	2	2	0	0	1	47
chr1	151151804	151161371	2	4	0	0	1	45
chr1	151446538	151447167	2	2	0	0	2	43
chr1	153791411	153870339	1	1	0	0	4	36
chr1	153934524	154011305	2	2	0	0	3	33
chr1	154125911	154215980	1	3	0	0	2	37
chr1	154204919	154208795	1	3	0	0	1	27
chr1	154205952	154281128	2	2	0	0	4	38
chr1	154205952	154463052	2	2	0	0	4	38
chr1	154529776	154563988	2	2	0	0	1	39
chr1	155403108	155404950	2	2	0	0	1	22
chr1	155453888	155466139	1	1	0	0	1	46
chr1	155891275	155902947	1	1	0	0	1	44
chr1	155907876	155924102	1	1	0	0	1	39
chr1	155963918	155973653	1	1	0	0	1	40
chr1	156379232	156383511	1	1	0	0	1	46
chr1	156380270	156383434	2	2	0	0	1	44
chr1	159408575	159458922	2	2	0	0	2	25
chr1	161206598	161208004	1	1	1	0	1	3
chr1	161357019	161384200	2	4	0	0	1	25
chr1	162507819	162540669	2	2	0	0	1	46
chr1	168181417	168181847	1	1	1	0	1	21
chr1	173789031	173843300	2	4	0	0	2	46
chr1	179862851	179863148	2	2	0	0	1	28
chr1	197803746	197834338	2	2	0	0	1	39
chr1	203660722	203709079	2	2	0	0	1	45
chr1	203931575	203963180	1	1	0	0	2	32
chr1	208954183	209004554	2	4	0	0	2	28
chr1	219901540	219904286	1	1	0	0	2	46
chr1	223758097	223822149	1	1	0	0	2	43
chr1	224569099	224613231	2	2	0	0	1	41
chr1	225376400	225421465	2	4	0	0	3	27
chr1	225697995	225726444	1	1	0	0	2	22
chr1	235066574	235095442	2	2	0	0	1	45
chr1	235072013	235103696	1	1	0	0	1	32
chr1	235211121	235249119	1	1	0	0	1	46
chr1	235318343	235463735	0	0	0	0	4	47
chr1	236225810	236279377	2	2	0	2	0	28
chr1	236776757	236828065	2	2	0	0	2	37
chr1	241954070	242113325	2	2	0	0	3	46
chr1	245303431	245470662	2	2	0	0	6	46
chr1	246685555	246810498	2	2	0	0	15	45
chr1	246701036	246745893	1	1	0	0	4	41
chr1	246745894	246926959	1	1	0	0	4	19
chr1	246746496	246746699	1	3	0	0	1	19
chr2	3577121	3586823	1	1	0	0	1	46
chr2	10190299	10221014	1	1	0	0	1	14
chr2	23876225	23910408	2	2	0	0	2	25
chr2	23961747	23973219	0	0	0	0	7	39
chr2	24035678	24051098	1	3	0	0	1	24
chr2	25170880	25173400	1	1	0	0	1	34
chr2	27394028	27394621	2	2	0	0	2	41
chr2	27539438	27593853	1	1	0	0	2	26
chr2	27557034	27593853	1	1	0	0	2	26
chr2	28872543	28909343	1	3	0	0	3	41
chr2	32283800	32313449	2	2	0	0	1	32
chr2	36342859	36391382	2	4	0	1	0	41
chr2	38874199	38874491	2	2	0	0	1	33
chr2	47855805	47899246	2	4	0	0	1	27
chr2	59559113	59648893	2	2	0	0	2	17
chr2	61159440	61162841	1	1	1	0	1	9
chr2	61780193	61796232	1	3	0	0	1	18
chr2	63393097	63462060	0	0	0	0	3	40
chr2	65111891	65131819	2	4	0	0	1	33
chr2	65126291	65325959	1	1	0	0	4	21
chr2	68205386	68205513	1	3	0	0	1	37
chr2	77726203	77793983	2	2	0	0	2	16
chr2	84983622	84984933	2	4	0	0	1	44
chr2	85343799	85344238	2	2	1	0	1	5
chr2	85344349	85344593	2	2	1	0	1	19
chr2	85356668	85361714	1	1	0	0	5	46
chr2	85536095	85567388	1	3	0	0	1	27
chr2	86720810	86740926	1	1	1	0	2	45
chr2	95412543	95421497	1	1	0	0	1	36
chr2	95415303	95416570	2	2	0	0	2	33
chr2	95660193	95660726	1	1	0	0	1	38
chr2	97113937	97118063	1	1	1	0	5	40
chr2	97118179	97118343	1	1	1	0	32	45
chr2	97118518	97122886	1	1	1	0	11	24
chr2	97179934	97181597	1	1	1	0	3	29
chr2	97181627	97181720	1	1	1	0	1	29
chr2	97183634	97217351	1	1	0	0	3	21
chr2	97185345	97185437	1	1	1	0	1	7
chr2	97185511	97187197	1	1	1	0	1	14
chr2	97189116	97189217	1	1	1	0	2	9
chr2	97189291	97190977	1	1	1	0	2	12
chr2	97194755	97194844	1	1	1	0	1	31
chr2	97206136	97207810	1	1	1	0	2	11
chr2	97213615	97215300	1	1	1	0	9	29
chr2	97215330	97215424	1	1	1	0	15	32
chr2	97215498	97217176	1	1	1	0	18	29
chr2	97217206	97217299	1	1	1	0	24	31
chr2	97217373	97219049	1	1	1	0	7	29
chr2	97219079	97219173	1	1	1	0	2	16
chr2	97219247	97224805	1	1	1	0	18	47
chr2	97219247	97224808	1	1	1	0	10	45
chr2	97224880	97233729	1	1	1	0	51	46
chr2	97233824	97245861	1	1	0	0	1	34
chr2	97233872	97241265	1	1	1	0	53	44
chr2	97235202	97241265	1	1	0	0	3	31
chr2	97239896	97241265	1	1	0	0	1	32
chr2	97241480	97243845	1	1	1	0	15	16
chr2	97244030	97245156	1	1	1	0	12	43
chr2	97247629	97249143	1	1	1	0	13	43
chr2	97249215	97249551	1	1	1	0	8	44
chr2	97284165	97284689	1	3	1	0	1	15
chr2	97284174	97284689	1	1	1	0	4	39
chr2	97284786	97284877	1	1	1	0	8	27
chr2	97285008	97285302	1	1	1	0	2	28
chr2	97285008	97291539	1	1	1	0	6	38
chr2	97285524	97291539	1	1	1	0	1	22
chr2	97416406	97422438	2	2	1	0	1	22
chr2	97416406	97422954	2	2	1	0	6	38
chr2	97422660	97422954	2	2	1	0	2	28
chr2	97423085	97423176	2	2	1	0	8	27
chr2	97423273	97423788	2	2	1	0	4	39
chr2	97423273	97423797	2	4	1	0	1	15
chr2	97507658	97507994	2	2	1	0	8	44
chr2	97507658	97509580	2	2	1	0	1	27
chr2	97508066	97509580	2	2	1	0	13	43
chr2	97511348	97523373	2	2	0	0	1	34
chr2	97512053	97513179	2	2	1	0	12	43
chr2	97513364	97515731	2	2	1	0	15	16
chr2	97515946	97517301	2	2	0	0	1	32
chr2	97515946	97521995	2	2	0	0	3	31
chr2	97515946	97523325	2	2	1	0	53	44
chr2	97523468	97532310	2	2	1	0	44	46
chr2	97532382	97536299	2	2	0	0	6	13
chr2	97532385	97536299	2	2	1	0	17	36
chr2	97536373	97536467	2	2	1	0	7	10
chr2	97536497	97538167	2	2	1	0	2	12
chr2	97538241	97538334	2	2	1	0	17	31
chr2	97538364	97540033	2	2	1	0	6	11
chr2	97541984	97542078	2	2	1	0	11	32
chr2	97542108	97543789	2	2	1	0	9	29
chr2	97547814	97551562	2	2	0	0	1	25
chr2	97548276	97549418	2	2	0	0	1	12
chr2	97549492	97549585	2	2	1	0	2	29
chr2	97549615	97551288	2	2	1	0	1	11
chr2	97551481	97553167	2	2	1	0	1	12
chr2	97553241	97553342	2	2	1	0	1	9
chr2	97553372	97555059	2	2	1	0	1	12
chr2	97555133	97555225	2	2	1	0	2	29
chr2	97555255	97556936	2	2	1	0	3	20
chr2	97557010	97557103	2	2	1	0	7	29
chr2	97557133	97558798	2	2	1	0	8	29
chr2	97560861	97584943	2	2	1	0	3	10
chr2	97580569	97584943	2	2	1	0	8	34
chr2	97585118	97585283	2	2	1	0	32	45
chr2	97585399	97589524	2	2	1	0	1	45
chr2	101219814	101222662	1	1	0	0	1	39
chr2	101595646	101740386	2	2	0	0	3	45
chr2	106192340	106327606	1	1	0	0	4	46
chr2	109903413	109914410	1	1	1	0	1	8
chr2	109919644	109920253	1	1	1	0	2	41
chr2	109920347	109921639	1	1	1	0	10	44
chr2	109921689	109924347	1	1	1	0	15	37
chr2	109988747	109989509	0	0	0	0	3	36
chr2	109995755	109995834	1	1	0	0	1	35
chr2	109995755	109995874	1	1	0	0	1	35
chr2	109995755	109996114	1	1	0	0	2	46
chr2	109995795	109996114	1	1	0	0	4	46
chr2	109995955	109996114	1	1	0	0	2	46
chr2	109996075	109996114	1	1	0	0	2	46
chr2	110375276	110375475	2	2	0	0	6	43
chr2	110375276	110375555	2	2	0	0	4	43
chr2	110375276	110375595	2	2	0	0	4	43
chr2	110375276	110375635	2	2	0	0	6	43
chr2	110375596	110375715	2	2	0	0	1	35
chr2	110375636	110375715	2	2	0	0	1	35
chr2	110381949	110382754	0	0	0	0	3	31
chr2	110383335	110384314	2	4	1	0	6	26
chr2	110447161	110449818	2	2	1	0	15	37
chr2	110449868	110451160	2	2	1	0	10	44
chr2	110451254	110451863	2	2	1	0	2	41
chr2	110457097	110468094	2	2	1	0	1	8
chr2	112158130	112171979	2	2	0	0	1	47
chr2	117808084	117900402	2	2	0	0	2	45
chr2	130545589	130560643	2	2	0	0	1	37
chr2	131061100	131103890	2	4	0	0	1	47
chr2	135859685	135859885	2	2	0	1	0	32
chr2	160769362	160800204	2	2	0	0	4	46
chr2	170131467	170133460	1	1	0	0	3	20
chr2	171632398	171779789	1	1	0	0	5	26
chr2	179829746	179963574	2	2	0	0	6	41
chr2	201152227	201159540	2	2	0	0	1	35
chr2	202066511	202086103	1	1	0	0	1	30
chr2	202274273	202306545	1	1	0	0	1	22
chr2	203323458	203326031	1	1	0	0	1	43
chr2	207184165	207279401	2	2	0	0	2	30
chr2	208224220	208374590	2	2	0	0	3	40
chr2	227664770	227686132	1	1	0	0	1	16
chr2	231310953	231325049	2	2	0	0	1	14
chr2	241536964	241569251	2	4	0	0	1	23
chr2	241566442	241569274	1	1	0	0	1	46
chr3	9411032	9417628	1	1	0	0	1	27
chr3	9631779	9663558	1	3	0	0	1	27
chr3	10014736	10015043	1	1	0	0	1	38
chr3	10122172	10151128	2	2	0	0	3	19
chr3	12620055	12637825	2	4	0	0	1	23
chr3	13446293	13451707	2	2	0	0	1	39
chr3	14996795	15089830	2	2	0	0	2	39
chr3	22056166	22100724	2	2	0	0	1	17
chr3	26759539	26787822	2	2	0	0	1	28
chr3	32766101	32806373	1	1	0	0	1	31
chr3	33434830	33435541	1	3	0	0	1	20
chr3	33717674	33816246	2	4	0	0	3	30
chr3	37258368	37260604	2	2	0	0	2	24
chr3	47712168	47759872	1	1	0	0	9	32
chr3	48047067	48054780	2	4	0	0	1	27
chr3	48901340	49082680	1	1	0	0	4	39
chr3	48976986	49082680	1	1	0	0	4	39
chr3	49010192	49082680	1	1	0	0	4	39
chr3	49847103	49894137	2	2	0	0	1	36
chr3	51513205	51524510	1	1	0	0	1	46
chr3	51659338	51723441	2	2	0	0	2	33
chr3	52700988	52981084	2	2	0	0	4	45
chr3	53335328	53336293	1	1	0	0	1	15
chr3	57588885	57638439	2	2	0	0	1	41
chr3	57620009	57621456	1	1	0	0	1	46
chr3	57930511	57931658	1	1	0	0	1	27
chr3	78681690	78727411	1	1	0	0	3	46
chr3	84508547	84640089	1	1	0	0	4	24
chr3	101443985	101452958	2	2	0	0	2	39
chr3	101772561	101773757	1	1	0	0	1	29
chr3	109317017	109330237	1	1	0	0	1	20
chr3	109331393	109369290	1	1	0	0	1	23
chr3	121189326	121210534	1	1	0	0	2	38
chr3	128808264	128810957	1	3	0	0	1	46
chr3	129152034	129192705	2	2	0	0	1	37
chr3	133545782	133582201	1	3	0	0	1	27
chr3	141923085	141924150	2	4	0	0	2	27
chr3	149392530	149418586	2	2	0	0	1	43
chr3	149691834	149728726	1	1	0	0	1	41
chr3	184385541	184428073	2	2	0	0	1	46
chr3	185596936	185635721	2	4	0	1	0	32
chr3	186766351	186804118	1	1	0	0	1	19
chr3	195658166	195661755	1	1	1	0	1	10
chr3	195662734	195663623	1	1	1	0	5	38
chr3	195664251	195666065	1	1	1	0	5	14
chr3	195666215	195668518	1	1	1	0	1	43
chr3	195668642	195671131	1	1	1	0	7	31
chr3	195671301	195672483	1	1	1	0	1	26
chr3	195672680	195673817	1	1	1	0	1	32
chr3	195673988	195676421	1	1	1	0	1	36
chr3	195673988	195677726	1	1	1	0	4	38
chr3	195677849	195681189	1	1	1	0	1	22
chr3	195681302	195681535	1	1	1	0	3	20
chr3	195683866	195685817	1	1	1	0	4	43
chr3	195683866	195688532	1	1	1	0	1	25
chr3	195953409	195953820	2	2	0	0	1	40
chr3	195963311	195984256	2	2	0	0	1	20
chr3	195963422	195965428	2	2	1	0	3	41
chr3	195965543	195967076	2	2	1	0	1	11
chr3	195965543	195967513	2	2	1	0	3	25
chr3	195967645	195967878	2	2	1	0	3	20
chr3	195967991	195971322	2	2	1	0	1	22
chr3	195971445	195974396	2	2	1	0	4	38
chr3	195972748	195974396	2	2	1	0	1	36
chr3	195974567	195975704	2	2	1	0	1	32
chr3	195975901	195977082	2	2	1	0	1	26
chr3	195977252	195979743	2	2	1	0	7	31
chr3	195982311	195984111	2	2	1	0	1	14
chr3	195984277	195985626	2	2	1	0	1	20
chr3	195984738	195985626	2	2	1	0	5	38
chr3	195986605	195990189	2	2	1	0	1	10
chr3	196061739	196106067	2	2	0	0	2	17
chr3	196512739	196518545	2	2	0	0	2	26
chr3	196801769	196860763	1	1	0	0	3	31
chr3	196801769	196916262	1	1	0	0	3	31
chr3	197710573	197790896	2	4	0	0	2	27
chr3	197786211	197813625	1	1	0	0	1	45
chr4	444433	472574	2	2	1	0	2	28
chr4	472702	473980	2	2	1	0	4	37
chr4	2970765	3274405	1	1	0	0	4	45
chr4	6641259	6641729	1	1	1	0	1	6
chr4	17031325	17108239	1	1	0	0	2	39
chr4	39590584	39602376	2	2	0	0	2	24
chr4	39773796	39791497	2	2	0	0	3	12
chr4	39806667	39969622	1	3	0	0	3	23
chr4	40326592	40358927	2	4	0	0	1	27
chr4	49163547	49254537	1	1	1	0	1	39
chr4	49254661	49255144	1	1	1	0	2	41
chr4	49517827	49518653	2	2	0	0	1	18
chr4	49540194	49540677	2	2	1	0	2	41
chr4	56546049	56561978	2	4	0	0	2	44
chr4	58577574	58580909	1	1	0	0	2	34
chr4	65496351	65505971	1	1	0	0	1	18
chr4	75594421	75689348	2	4	0	0	2	27
chr4	87203398	87210339	1	1	0	0	1	39
chr4	88876250	88925652	2	2	0	0	2	22
chr4	94523876	94549793	1	1	1	0	3	18
chr4	106012749	106042473	2	4	0	0	1	45
chr4	108747811	108772236	2	2	0	0	1	45
chr4	139027129	139031961	2	2	0	0	5	24
chr4	139027747	139031961	2	2	0	0	5	24
chr4	148317997	148357422	1	1	0	0	1	15
chr4	154772715	154788133	1	1	0	0	1	46
chr4	165015886	165039615	1	1	0	0	1	15
chr4	165114561	165143671	1	1	0	0	1	30
chr4	168757841	168758943	1	1	0	0	2	30
chr4	180396290	180439580	1	1	0	0	1	41
chr4	187848794	188058116	1	1	0	0	4	26
chr4	188129174	188162344	1	1	0	0	1	42
chr4	188500783	188542702	2	2	0	0	1	46
chr5	10280082	10322229	1	3	0	0	1	16
chr5	16711569	16723169	1	1	0	0	9	46
chr5	31484157	31575614	1	1	0	0	2	41
chr5	32259843	32344756	2	4	0	0	2	31
chr5	37380811	37499276	2	4	0	0	3	37
chr5	37388595	37427243	1	1	0	0	2	38
chr5	55869685	55886484	1	3	0	0	1	37
chr5	57142476	57167988	2	2	0	0	1	14
chr5	58254612	58288771	2	4	0	0	1	30
chr5	61377482	61378766	1	3	0	0	2	19
chr5	65689043	65709609	2	2	0	0	2	41
chr5	67889720	67889865	2	2	1	0	2	21
chr5	69126548	69131839	1	1	0	0	1	39
chr5	69367298	69400720	1	1	0	0	2	38
chr5	69844914	69875163	1	1	1	0	2	33
chr5	69916256	69920731	1	1	1	0	1	11
chr5	69920866	69975737	1	1	1	0	4	5
chr5	69975853	69978463	1	1	1	0	8	35
chr5	70139721	70142330	2	2	1	0	8	35
chr5	70142446	70197256	2	2	1	0	4	5
chr5	70197391	70201867	2	2	1	0	1	11
chr5	70202011	70219917	2	2	1	0	1	3
chr5	70203966	70207557	2	2	1	0	6	29
chr5	70203966	70225607	2	2	1	0	6	29
chr5	70222016	70225607	2	2	1	0	6	29
chr5	70259038	70290075	2	2	1	0	2	33
chr5	70401669	70420248	1	1	1	0	4	7
chr5	70417920	70420248	1	1	1	0	2	9
chr5	70422200	70422872	1	1	1	0	2	25
chr5	70422913	70449851	2	2	0	0	1	30
chr5	70422924	70423298	1	1	1	0	1	17
chr5	70437595	70440755	1	1	1	0	1	9
chr5	70440860	70441415	1	1	1	0	2	13
chr5	70441519	70445482	1	1	1	0	86	40
chr5	70441519	70447233	1	1	1	0	1	25
chr5	70445523	70447233	1	1	1	0	74	42
chr5	70455313	70473571	2	2	1	0	1	3
chr5	70455313	70516307	2	2	1	0	1	3
chr5	70481539	70495023	2	2	1	0	1	18
chr5	70481539	70516307	2	2	1	0	1	18
chr5	70555374	70585618	2	2	1	0	2	33
chr5	70562370	70585618	2	2	1	0	1	40
chr5	70850925	70852087	1	1	1	0	1	10
chr5	70850925	70853535	1	1	1	0	8	35
chr5	71035797	71037506	2	2	1	0	75	42
chr5	71037547	71038428	2	2	0	0	3	30
chr5	71037547	71041521	2	2	1	0	88	40
chr5	71038482	71041521	2	2	0	0	6	25
chr5	71041625	71042180	2	2	1	0	4	13
chr5	71042285	71045443	2	2	1	0	1	13
chr5	71059745	71060119	2	2	1	0	1	22
chr5	71060171	71060843	2	2	1	0	3	30
chr5	71062797	71065124	2	2	1	0	2	9
chr5	71140035	71142644	2	2	1	0	8	35
chr5	71197782	71202252	2	2	1	0	1	36
chr5	75409760	75436265	2	2	0	0	1	46
chr5	76420519	76444441	1	1	0	0	1	16
chr5	94290189	94332281	1	1	0	0	1	20
chr5	116697417	116841559	1	1	0	0	4	38
chr5	126922629	126992853	2	2	0	0	2	38
chr5	126922635	126973985	2	2	0	0	2	44
chr5	131141406	131179742	2	4	0	0	1	31
chr5	132848173	133037534	2	2	0	0	3	45
chr5	134689548	134734901	1	1	0	0	1	46
chr5	134724518	134746067	1	1	0	0	1	43
chr5	138562481	138591480	1	1	0	0	1	23
chr5	138573129	138591170	1	1	0	0	1	43
chr5	139300704	139304435	1	3	0	0	1	40
chr5	139487967	139516067	1	3	0	0	1	42
chr5	140374333	140584331	1	1	0	0	5	41
chr5	140387325	140394374	2	2	0	0	1	30
chr5	140731495	140778694	1	3	0	0	1	26
chr5	141498714	141537265	2	2	0	0	1	31
chr5	144717423	144750961	1	1	0	0	1	39
chr5	144885298	144933306	2	2	0	0	1	41
chr5	146117533	146142082	2	2	0	1	0	30
chr5	154697953	154703007	1	1	0	0	1	42
chr5	154697953	154715066	1	1	0	0	1	42
chr5	157151083	157241019	2	2	0	0	2	32
chr5	165768797	165812746	1	1	0	0	1	46
chr5	167429853	167451893	2	2	0	0	2	46
chr5	172941992	172975025	1	1	0	0	3	46
chr5	173166916	173176667	2	2	0	0	4	46
chr5	176205202	176339148	1	1	0	0	4	46
chr5	176942676	176991861	1	3	0	0	1	39
chr5	177190410	177190714	1	3	0	0	4	45
chr5	177716926	177717552	1	1	0	0	1	37
chr5	177954592	177963613	2	2	0	0	47	46
chr5	178217622	178217980	1	3	0	0	2	33
chr5	178681287	178686402	2	2	0	0	2	44
chr5	178681287	178697236	2	2	0	0	2	44
chr5	178861081	178865312	1	1	0	0	1	40
chr5	178933666	178957114	2	2	0	0	2	41
chr5	179553524	179558312	2	4	0	0	3	21
chr5	179632092	179725466	1	1	0	0	2	41
chr5	180333467	180426001	2	2	0	0	2	46
chr5	180587344	180614877	2	2	0	0	1	16
chr5	181165032	181176026	1	1	0	0	1	31
chr5	181262374	181442831	0	0	0	0	16	47
chr6	5236462	5260647	2	2	0	0	3	38
chr6	7964989	8022816	2	2	0	0	3	46
chr6	10640135	10677959	2	2	0	0	1	43
chr6	26617839	26623358	2	2	0	0	2	39
chr6	26747033	26748723	2	2	0	0	1	30
chr6	27549255	27563502	1	1	0	0	1	39
chr6	27839039	27841563	1	1	1	0	1	35
chr6	33470654	33496005	2	2	0	0	5	46
chr6	34381860	34444975	1	1	0	0	2	46
chr6	34417548	34418368	2	2	1	0	1	5
chr6	34418425	34421729	2	2	1	0	2	33
chr6	34421808	34424668	2	2	1	0	10	43
chr6	34423016	34428692	1	1	0	0	3	45
chr6	34424841	34425071	2	2	1	0	61	40
chr6	34425222	34426031	2	2	1	0	28	33
chr6	35433822	35567455	1	1	0	0	3	32
chr6	37085632	37228782	1	1	0	0	3	41
chr6	37257974	37263628	1	1	0	0	1	29
chr6	37437457	37464396	1	3	0	0	1	45
chr6	38541524	38545564	1	1	0	0	4	45
chr6	42035600	42081601	2	2	0	0	1	46
chr6	42111515	42184323	2	2	0	0	3	45
chr6	42887390	42910289	2	4	0	0	1	39
chr6	42974755	43001624	2	2	0	0	1	39
chr6	43000167	43092093	2	2	0	0	2	46
chr6	54793561	54834857	2	2	0	0	7	41
chr6	76964771	77053807	1	1	0	0	2	35
chr6	77044891	77053807	1	1	0	0	2	35
chr6	78682230	78879134	1	1	0	0	3	40
chr6	87658243	87693514	1	1	0	0	2	46
chr6	99929118	99972841	1	1	0	0	2	31
chr6	110941607	110950455	2	4	0	0	1	28
chr6	114975581	115009267	1	1	0	0	1	43
chr6	120725263	120806061	1	1	0	0	4	46
chr6	121953834	121980750	2	2	0	0	3	46
chr6	132823819	132851239	2	2	0	0	1	13
chr6	134167610	134358099	2	2	0	0	4	45
chr6	148252567	148267466	2	2	0	0	1	38
chr6	149792097	149805719	2	2	0	0	2	43
chr6	149945573	149946371	1	1	1	0	1	4
chr6	149946635	149948942	2	2	0	0	3	33
chr6	149946654	149947319	1	1	1	0	16	35
chr6	149946654	149947435	1	1	0	0	1	16
chr6	149947452	149948722	1	1	1	0	1	15
chr6	150018636	150020923	1	1	0	0	3	33
chr6	150020240	150020904	2	2	1	0	16	35
chr6	150021187	150021979	2	2	1	0	1	4
chr6	151342877	151397925	2	2	0	0	2	39
chr6	151397054	151397925	2	2	0	0	2	39
chr6	158127668	158127881	2	4	0	0	3	39
chr6	158880129	158896177	2	2	0	0	1	35
chr7	2250691	2258248	2	2	0	0	1	39
chr7	2327354	2348454	2	4	0	0	1	38
chr7	2836711	2869766	1	1	0	0	1	46
chr7	4738058	4738372	1	1	0	0	1	32
chr7	5239873	5279605	2	4	0	0	1	27
chr7	5560403	5577874	2	4	0	0	1	40
chr7	5923546	5923834	1	1	1	0	1	11
chr7	6070623	6082655	1	3	0	0	3	27
chr7	6310987	6322596	1	1	0	0	1	39
chr7	6517198	6666278	1	3	0	0	4	45
chr7	6801076	6801364	2	2	1	0	1	11
chr7	32735302	32750859	1	1	0	0	2	39
chr7	40198784	40241365	1	1	0	0	1	33
chr7	52302508	52302667	1	1	0	0	1	27
chr7	55886534	55932701	1	1	0	0	1	25
chr7	56011234	56011543	2	2	1	0	1	33
chr7	56011870	56015022	2	2	1	0	2	8
chr7	56017380	56019599	2	2	1	0	5	25
chr7	63635097	63788789	2	2	0	0	3	46
chr7	64475304	64693112	2	4	0	0	4	39
chr7	64917119	64917580	1	1	1	0	1	36
chr7	65006250	65006540	2	2	0	0	1	33
chr7	65150342	65153016	1	1	1	0	1	40
chr7	65167821	65170186	1	1	1	0	1	9
chr7	65499436	65525628	2	2	0	0	1	27
chr7	65525804	65528169	2	2	1	0	2	9
chr7	65542975	65545630	2	2	1	0	1	40
chr7	66182728	66229224	2	4	0	0	1	38
chr7	66316046	66362155	1	1	0	0	1	31
chr7	66772079	66775226	1	1	1	0	3	35
chr7	70833468	70853335	2	4	0	0	1	47
chr7	72995746	72996268	2	2	0	0	3	37
chr7	73584257	73602583	1	1	0	1	0	20
chr7	73759198	73773393	1	1	0	0	4	44
chr7	73828761	73902922	1	1	0	0	2	37
chr7	74147662	74166705	2	2	0	0	3	44
chr7	74689228	74690972	1	1	1	0	1	27
chr7	74711110	74716893	1	1	1	0	2	8
chr7	74716951	74735469	1	1	0	0	2	29
chr7	74732663	74733922	1	1	1	0	1	27
chr7	74733982	74735460	1	1	1	0	1	8
chr7	74736684	74738044	1	1	1	0	6	20
chr7	74738104	74743448	1	1	1	0	4	30
chr7	74743521	74744757	1	1	1	0	2	30
chr7	74743624	74752455	2	4	0	0	1	27
chr7	74744942	74745882	1	1	1	0	2	43
chr7	74745942	74746336	1	1	1	0	2	8
chr7	74746412	74748014	1	1	1	0	3	11
chr7	74748117	74749024	1	1	1	0	10	41
chr7	74749091	74749267	1	1	1	0	3	10
chr7	74751417	74752089	1	1	1	0	1	34
chr7	74752171	74753093	1	1	1	0	3	41
chr7	74753178	74753845	1	1	1	0	3	44
chr7	74754030	74755508	1	1	1	0	15	29
chr7	74755538	74756819	1	1	1	0	19	42
chr7	74756862	74757958	1	1	1	0	13	42
chr7	74758001	74758779	1	1	1	0	7	34
chr7	74758856	74759547	1	1	1	0	33	38
chr7	74758856	74759828	1	1	0	0	1	32
chr7	74758856	74759831	1	1	0	0	2	43
chr7	74859487	74876991	2	2	0	0	1	16
chr7	74873017	74879743	2	2	0	0	1	16
chr7	74883464	74883727	2	2	1	0	5	12
chr7	74884525	74887682	2	2	1	0	2	3
chr7	74887800	74888311	2	2	1	0	1	26
chr7	74888398	74890387	2	2	1	0	1	15
chr7	74894258	74896145	1	1	1	0	12	37
chr7	74896233	74897651	1	1	1	0	3	7
chr7	74896512	74897651	1	1	1	0	4	14
chr7	74896512	74905577	1	1	1	0	1	3
chr7	74897836	74900797	1	1	1	0	3	9
chr7	74897836	74900886	1	1	1	0	7	39
chr7	74901815	75084571	2	2	0	0	3	44
chr7	74924004	74926861	1	3	0	0	1	14
chr7	75186244	75187219	2	2	0	0	2	43
chr7	75186247	75187219	2	2	0	0	1	32
chr7	75186378	75189394	0	0	0	0	3	33
chr7	75186528	75187219	2	2	1	0	33	38
chr7	75187296	75188074	2	2	1	0	7	34
chr7	75188117	75189214	2	2	1	0	13	42
chr7	75189257	75190538	2	2	1	0	19	42
chr7	75190568	75192046	2	2	1	0	15	29
chr7	75192231	75192898	2	2	1	0	2	41
chr7	75192981	75193902	2	2	1	0	3	38
chr7	75193618	75202438	1	3	0	0	1	27
chr7	75193984	75194656	2	2	1	0	1	34
chr7	75196797	75196973	2	2	1	0	3	10
chr7	75197040	75197947	2	2	1	0	10	41
chr7	75198050	75199650	2	2	1	0	3	11
chr7	75199726	75200120	2	2	1	0	2	8
chr7	75200180	75201120	2	2	1	0	2	43
chr7	75201305	75202541	2	2	1	0	2	30
chr7	75202614	75207955	2	2	1	0	4	30
chr7	75208015	75209375	2	2	1	0	6	20
chr7	75210600	75212078	2	2	1	0	1	8
chr7	75212138	75213405	2	2	1	0	1	27
chr7	75297761	75299653	2	2	1	0	5	30
chr7	75320819	75323868	2	2	1	0	6	39
chr7	75320908	75323868	2	2	1	0	3	9
chr7	75324055	75325642	2	2	1	0	7	14
chr7	75325477	75325642	2	2	1	0	1	14
chr7	75325730	75327623	2	2	1	0	5	30
chr7	75344109	75353289	2	2	1	0	1	3
chr7	75348786	75351835	2	2	1	0	6	39
chr7	75348875	75351835	2	2	1	0	3	9
chr7	75352022	75353568	2	2	1	0	7	14
chr7	75353403	75353568	2	2	1	0	1	14
chr7	75359410	75361373	1	1	1	0	1	15
chr7	75361460	75361971	1	1	1	0	1	26
chr7	75362089	75365254	1	1	1	0	2	3
chr7	75362323	75364210	1	1	0	0	1	33
chr7	75366060	75366323	1	1	1	0	5	12
chr7	75367809	75372720	1	1	0	0	1	18
chr7	75369826	75371142	1	1	0	0	1	34
chr7	75370025	75376757	2	2	0	0	1	45
chr7	75498583	75504168	2	2	0	0	1	29
chr7	75512676	75514644	2	2	1	0	7	37
chr7	75676559	75687473	2	2	0	0	1	36
chr7	76229975	76422127	2	2	0	0	3	41
chr7	76292759	76313581	2	2	0	0	1	21
chr7	76384156	76422127	2	2	0	0	3	41
chr7	76433648	76434037	1	1	1	0	2	17
chr7	76434156	76440249	1	1	1	0	4	43
chr7	76440342	76440474	1	1	1	0	9	45
chr7	76440612	76441841	1	1	1	0	13	46
chr7	76520781	76551682	2	2	0	0	1	47
chr7	76610216	76611453	2	2	1	0	7	15
chr7	76611592	76611721	2	2	1	0	12	45
chr7	76611814	76618182	2	2	1	0	4	43
chr7	76618301	76618496	2	2	1	0	1	22
chr7	76618301	76618511	2	2	0	0	2	42
chr7	77640278	77640793	1	1	0	0	1	43
chr7	78583495	78627119	2	2	1	0	1	3
chr7	96154342	96154842	1	3	0	0	1	25
chr7	99496803	99542285	2	2	0	0	1	21
chr7	100462446	100504551	2	2	0	0	3	39
chr7	100543109	100551114	1	3	0	0	1	26
chr7	100821057	100848015	1	1	0	0	1	27
chr7	101417956	101444645	2	2	0	0	2	41
chr7	101977168	102020691	2	4	0	0	1	44
chr7	102021354	102034075	1	3	0	0	1	20
chr7	102323727	102344541	2	4	0	0	1	27
chr7	102342269	102347064	1	1	1	0	2	36
chr7	102342332	102343769	1	1	0	0	2	40
chr7	102344823	102345314	1	3	0	0	2	36
chr7	102350387	102351788	1	1	0	0	1	15
chr7	102392996	102443751	1	3	0	0	2	27
chr7	102471163	102499425	2	2	0	0	1	44
chr7	102501927	102503364	2	4	0	0	2	15
chr7	102509106	102509598	2	2	0	0	1	35
chr7	102524414	102524661	1	3	0	0	1	45
chr7	102542934	102555548	1	1	0	0	2	34
chr7	102547645	102563992	1	3	0	0	1	36
chr7	102547988	102647079	0	0	0	0	4	41
chr7	102550128	102551757	2	4	0	0	3	39
chr7	102562213	102566996	2	2	1	0	2	36
chr7	102567084	102568009	2	2	1	0	5	47
chr7	102567084	102569834	2	2	1	0	7	36
chr7	102601088	102602525	2	4	0	0	2	15
chr7	102608268	102608760	2	2	0	0	1	35
chr7	102623504	102623751	1	3	0	0	1	45
chr7	102639200	102666076	2	2	0	0	1	36
chr7	102642045	102654631	1	1	0	0	2	34
chr7	102646736	102663079	1	3	0	0	1	36
chr7	102649701	102659118	2	2	0	0	1	29
chr7	102664427	102665098	1	3	0	0	2	47
chr7	102666164	102667089	2	2	1	0	5	47
chr7	105290913	105305320	2	2	0	0	1	36
chr7	105667574	105702990	2	4	0	0	1	41
chr7	105729865	105731561	1	1	0	0	1	36
chr7	128682813	128723747	1	1	0	0	1	44
chr7	135702421	135733391	1	3	0	0	1	27
chr7	138336899	138466085	2	2	0	0	3	28
chr7	138421079	138466085	2	2	0	0	4	33
chr7	139341523	139344896	1	1	0	0	1	36
chr7	140067990	140078802	1	1	0	0	1	42
chr7	140492663	140583076	1	1	0	0	3	46
chr7	143600741	143601387	1	1	1	0	2	45
chr7	143603112	143604584	1	1	1	0	4	35
chr7	143604836	143607792	1	1	1	0	2	32
chr7	143606641	143608801	2	2	0	0	1	24
chr7	143854143	143857099	2	2	1	0	2	32
chr7	143857351	143858823	2	2	1	0	4	35
chr7	143860448	143861094	2	2	1	0	2	45
chr7	144270871	144272444	2	2	0	0	2	25
chr7	144912921	145011332	1	1	0	0	5	46
chr7	145156231	145201281	2	4	0	0	1	22
chr7	149494116	149494203	2	2	1	0	1	8
chr7	151096568	151097439	1	1	0	0	1	42
chr7	151360915	151361058	1	1	1	0	1	33
chr7	152717977	152744218	1	3	0	0	1	28
chr7	157130066	157297022	2	2	0	0	10	41
chr8	2205257	2265471	1	1	0	0	2	27
chr8	7112519	7114581	1	1	1	0	2	6
chr8	12595297	12601157	2	2	1	0	1	3
chr8	12595297	12607290	2	2	1	0	1	3
chr8	14401409	14582629	1	1	0	0	3	21
chr8	15309682	15350904	1	1	0	3	0	17
chr8	23067024	23079868	1	3	0	0	1	26
chr8	28441666	28469830	1	1	0	0	1	46
chr8	29137036	29171993	1	1	0	0	1	26
chr8	38065711	38184872	2	2	0	0	3	44
chr8	38376556	38423441	2	4	0	0	1	20
chr8	38378615	38443645	2	4	0	0	2	27
chr8	42312119	42328042	2	2	0	0	1	46
chr8	46697954	46698478	1	1	1	0	1	44
chr8	48044380	48073331	2	2	0	0	1	41
chr8	53696295	53781673	1	1	0	0	2	38
chr8	55420745	55482505	2	2	0	0	4	22
chr8	66859474	66860154	1	1	0	0	1	14
chr8	66859476	66860154	1	1	0	0	2	12
chr8	79864364	79866655	2	4	0	0	1	27
chr8	82291631	82291732	0	0	0	0	5	32
chr8	82291680	82291976	2	2	0	0	1	16
chr8	94610649	94615553	2	4	0	0	1	25
chr8	97989255	97998305	1	1	0	0	122	46
chr8	99293422	99336393	2	2	0	0	2	37
chr8	99582888	99654280	2	2	0	0	2	46
chr8	102240925	102413894	2	2	0	0	12	43
chr8	102710059	102868307	2	2	0	0	3	34
chr8	102888786	102901418	2	2	0	0	1	22
chr8	122246841	122246952	0	0	0	0	3	35
chr8	125250035	125258947	1	3	0	0	1	28
chr8	144495482	144497206	2	2	0	0	1	24
chr9	6623311	6808388	2	2	0	0	3	43
chr9	6725755	6739934	1	3	0	0	2	27
chr9	6856990	6865985	2	2	0	0	1	29
chr9	10828258	10837392	1	3	0	0	1	31
chr9	15472751	15474008	2	2	1	0	3	43
chr9	15474238	15478476	2	2	1	0	73	43
chr9	15478553	15479590	2	2	1	0	47	42
chr9	15478553	15486005	2	2	0	0	3	36
chr9	15479688	15486005	2	2	1	0	35	43
chr9	15486069	15486826	2	2	1	0	14	44
chr9	15486932	15489985	2	2	1	0	2	44
chr9	15506638	15510116	2	2	1	0	2	37
chr9	19082556	19106383	2	2	0	0	1	26
chr9	27544037	27570696	2	2	0	0	1	44
chr9	30456987	30493419	2	2	0	0	1	22
chr9	33336261	33423068	1	3	0	0	2	27
chr9	34053234	34100243	1	3	0	0	2	25
chr9	34097307	34181159	1	3	0	0	3	27
chr9	34112567	34161252	2	4	0	0	1	22
chr9	36263402	36311784	2	2	0	0	3	32
chr9	36474929	36501175	1	1	0	0	1	47
chr9	38785798	38810130	2	2	0	0	1	39
chr9	38906741	38949513	1	3	0	0	1	41
chr9	42579416	42625429	1	1	1	0	3	42
chr9	61428981	61450895	2	2	0	0	1	33
chr9	61581949	61582579	1	1	1	0	1	26
chr9	61616008	61620249	1	1	1	0	3	39
chr9	61616008	61620257	1	1	1	0	2	35
chr9	61854377	61854930	1	1	1	0	1	38
chr9	61906548	61910860	2	2	1	0	2	35
chr9	61906556	61910860	2	2	1	0	3	39
chr9	61944324	61945009	2	2	1	0	1	26
chr9	62385574	62386516	1	1	0	0	1	39
chr9	62386884	62432875	1	1	1	0	3	42
chr9	62522673	62523615	2	2	0	0	1	39
chr9	62585233	62585688	1	1	0	0	1	27
chr9	62869305	62897418	2	2	1	0	1	14
chr9	62877655	62878108	2	2	0	0	1	27
chr9	63055839	63055922	1	1	1	0	1	34
chr9	63056409	63057514	1	1	1	0	7	41
chr9	63057638	63058551	1	1	1	0	1	34
chr9	63058700	63059041	1	1	1	0	2	3
chr9	63372979	63373320	2	2	1	0	4	27
chr9	63373469	63374382	2	2	1	0	1	34
chr9	63374506	63375612	2	2	1	0	7	41
chr9	63376099	63376182	2	2	1	0	1	34
chr9	63708125	63710007	1	1	0	0	1	18
chr9	63708125	63710397	1	1	0	0	1	18
chr9	65288533	65289657	2	2	1	0	3	47
chr9	65289724	65289826	2	2	1	0	1	28
chr9	65383404	65383941	1	1	1	0	4	38
chr9	65731699	65731801	1	1	1	0	1	28
chr9	65731868	65732992	1	1	1	0	3	47
chr9	65733123	65733509	1	1	1	0	3	28
chr9	65812781	65823555	2	2	0	0	2	24
chr9	67725893	67726450	2	2	1	0	4	38
chr9	73994005	74042727	2	2	0	0	1	37
chr9	89248847	89300491	2	4	0	0	2	27
chr9	91878863	91924578	1	1	0	0	1	31
chr9	93159529	93195438	2	2	0	0	1	39
chr9	96397965	96398430	2	2	0	0	1	14
chr9	107499331	107537318	2	2	0	0	2	32
chr9	111468086	111490199	1	1	0	0	1	12
chr9	122026246	122178295	2	4	0	0	3	35
chr9	125783431	125832338	1	1	0	0	1	37
chr9	128283102	128376444	1	1	0	0	3	46
chr9	128709071	128773627	1	1	0	0	7	41
chr9	128814929	128841668	2	4	0	0	1	26
chr9	128869394	128954616	2	2	0	0	3	40
chr9	128872279	128872909	2	2	0	0	1	44
chr9	130695594	130697581	1	1	1	0	1	28
chr9	130697610	130704434	1	1	0	0	1	28
chr9	132258656	132290083	2	2	0	0	1	37
chr9	132512734	132653280	1	1	0	0	3	41
chr9	134082404	134164192	1	1	0	0	2	46
chr10	4966082	4966926	1	1	1	0	3	8
chr10	4968387	4968821	1	1	1	0	1	19
chr10	4968945	4972200	1	1	1	0	1	30
chr10	4972311	4972583	1	1	1	0	4	42
chr10	4972750	4975850	1	1	1	0	4	40
chr10	4975934	4977699	1	1	1	0	11	47
chr10	4990039	4991830	2	2	1	0	11	47
chr10	4991914	4995318	2	2	1	0	5	40
chr10	4995485	4995755	2	2	1	0	3	42
chr10	4995866	4998624	2	2	1	0	1	30
chr10	5000667	5001513	2	2	1	0	2	6
chr10	9478092	9556696	2	2	0	0	2	46
chr10	11679427	11679581	1	1	1	0	1	3
chr10	11778219	11812416	1	1	0	1	0	47
chr10	12032057	12066552	1	3	0	0	1	46
chr10	12427939	12506750	2	2	0	0	2	46
chr10	12914491	12955787	1	3	0	0	1	27
chr10	13074240	13128624	2	2	0	0	2	24
chr10	13122820	13129495	1	1	0	0	2	26
chr10	13321479	13361577	2	2	0	0	1	46
chr10	15102975	15132938	1	1	0	0	1	45
chr10	26827454	26882603	2	2	0	0	3	46
chr10	26972110	27042627	2	2	0	0	9	37
chr10	27092513	27092957	2	2	0	0	1	44
chr10	28498346	28567986	2	2	0	2	0	31
chr10	39483616	39512575	1	1	0	0	3	47
chr10	45679479	45681771	1	1	1	0	6	33
chr10	45681841	45684485	1	1	1	0	11	40
chr10	45684521	45692058	1	1	1	0	6	35
chr10	45692159	45694747	1	1	1	0	1	10
chr10	45694784	45698064	1	1	1	0	1	20
chr10	45694784	45698963	1	1	0	0	1	36
chr10	45696484	45697408	0	0	0	0	3	37
chr10	45698117	45698544	1	1	0	0	1	41
chr10	45698117	45698755	1	1	1	0	2	39
chr10	45699695	45700144	2	2	0	0	4	29
chr10	45827183	45831393	2	2	0	0	1	36
chr10	45827391	45827467	2	2	0	0	1	41
chr10	45827391	45828028	2	2	1	0	4	46
chr10	45827473	45827801	0	0	0	0	3	38
chr10	45827602	45828028	2	2	0	0	1	41
chr10	45828081	45831393	2	2	1	0	2	20
chr10	45828746	45829673	0	0	0	0	3	32
chr10	45831430	45834015	2	2	1	0	1	10
chr10	45834117	45841652	2	2	1	0	6	35
chr10	45841688	45844325	2	2	1	0	12	40
chr10	45844395	45846686	2	2	1	0	6	33
chr10	45873055	45873611	1	3	0	0	1	39
chr10	46340257	46342905	1	1	1	0	1	10
chr10	46819537	46822177	1	1	1	0	1	10
chr10	63369373	63397443	2	2	0	0	1	31
chr10	68504127	68512961	2	2	0	0	1	46
chr10	68995945	69089680	1	1	0	0	3	25
chr10	70365174	70464325	2	2	0	0	2	22
chr10	72216073	72220053	1	1	0	0	1	12
chr10	72216139	72220053	1	1	1	0	10	17
chr10	72457956	72487983	1	1	0	0	1	41
chr10	72463152	72471172	2	2	0	0	1	45
chr10	72583512	72797765	2	2	0	0	6	25
chr10	72707061	72797765	2	2	0	0	6	25
chr10	72787500	72797765	2	2	0	0	6	25
chr10	73764202	73764351	0	0	0	0	4	33
chr10	73951804	73973075	2	2	0	0	1	45
chr10	79660995	79666784	0	0	1	0	1	14
chr10	79669575	79671090	1	1	1	0	9	44
chr10	79671134	79676467	1	1	1	0	11	43
chr10	79716632	79766270	2	2	1	0	7	7
chr10	79766325	79804484	2	2	1	0	10	44
chr10	79798028	79804484	2	2	1	0	15	43
chr10	79802004	79804484	2	2	1	0	1	9
chr10	79802959	79804484	2	2	1	0	1	22
chr10	79804528	79806038	2	2	1	0	12	44
chr10	79804528	79808758	2	2	1	0	1	5
chr10	79804528	79814612	2	2	1	0	3	13
chr10	79806123	79808758	2	2	1	0	3	28
chr10	79806123	79814612	2	2	1	0	2	44
chr10	79808833	79814612	2	2	1	0	7	37
chr10	79808964	79814612	2	2	1	0	3	28
chr10	79814717	79826197	2	2	1	0	16	40
chr10	80004576	80042216	2	2	0	0	1	44
chr10	80086583	80093581	2	2	0	0	3	38
chr10	87461788	87473450	1	1	0	0	3	31
chr10	87498753	87500445	2	2	0	0	2	40
chr10	92218194	92282474	1	1	0	0	5	46
chr10	97393069	97441680	1	1	0	0	2	12
chr10	97402072	97442007	2	2	0	0	1	18
chr10	97617982	97629194	2	4	0	0	2	28
chr10	99986940	99991691	1	1	0	0	1	39
chr10	100525302	100557491	1	3	0	0	3	27
chr10	102038288	102038933	1	1	0	0	2	18
chr10	102459241	102500324	2	2	0	0	1	38
chr10	103401502	103422311	2	2	0	0	1	14
chr10	116588699	116660219	2	2	0	0	24	13
chr10	121853239	121915765	2	2	0	0	14	27
chr10	122032729	122057571	1	1	0	0	1	35
chr10	122952027	122952828	2	2	1	0	2	30
chr10	130248349	130287938	1	1	0	0	1	32
chr11	308345	314262	2	2	1	0	7	43
chr11	308439	309012	1	1	1	0	3	40
chr11	308439	314921	1	1	1	0	4	40
chr11	309253	309320	1	3	1	0	1	33
chr11	314357	314921	1	1	1	0	26	45
chr11	314357	314926	1	1	1	0	1	16
chr11	319986	320564	2	2	1	0	1	16
chr11	319991	320564	2	2	1	0	31	43
chr11	785541	815481	2	2	0	0	2	24
chr11	2996796	3053318	2	4	0	0	4	38
chr11	5678435	5679073	2	4	1	1	0	8
chr11	8683918	8684005	1	1	0	0	1	36
chr11	8836760	8912919	1	3	0	0	3	27
chr11	9230145	9263457	1	1	0	0	1	43
chr11	9259441	9290251	2	2	0	0	1	13
chr11	9612595	9631856	1	3	0	0	1	27
chr11	9800640	9833652	2	2	0	0	1	31
chr11	16885781	17005318	1	1	0	0	4	46
chr11	31533887	31539388	1	1	0	0	1	18
chr11	46770660	46773479	2	2	0	0	1	46
chr11	46884660	46909527	2	2	0	0	3	45
chr11	47211030	47212321	1	3	0	0	1	26
chr11	47535954	47757403	0	0	0	0	4	34
chr11	47640165	47675842	2	2	0	0	1	31
chr11	47822346	47824923	2	2	0	0	1	44
chr11	47986557	48014740	2	2	0	0	1	22
chr11	48731980	48736601	2	2	0	0	2	32
chr11	61464702	61470449	0	0	0	0	3	37
chr11	61916119	61957749	1	1	0	0	2	34
chr11	61958496	61966209	1	1	0	0	1	32
chr11	62651348	62699135	2	2	0	0	1	39
chr11	62664474	62686813	1	1	0	0	2	38
chr11	62685712	62699135	2	2	0	0	1	39
chr11	62725243	62768119	1	3	0	0	1	27
chr11	62739359	62744530	1	1	0	0	1	44
chr11	62868525	62957857	2	2	0	0	2	43
chr11	63685394	63686368	1	3	0	0	1	45
chr11	63750900	63823765	0	0	0	0	6	46
chr11	63985202	64065574	1	1	0	0	4	46
chr11	64808770	64820709	2	2	0	0	1	47
chr11	64978168	64980403	1	1	0	0	1	38
chr11	64991023	64991387	2	2	0	0	2	46
chr11	65468050	65482244	2	4	0	0	1	28
chr11	66375630	66385897	2	2	0	0	2	41
chr11	66583701	66631725	2	2	0	0	1	42
chr11	66639822	66646110	0	0	0	0	4	39
chr11	66640124	66646026	1	1	1	0	32	30
chr11	66640124	66646273	1	1	0	0	1	30
chr11	66659528	66674818	2	4	0	0	1	30
chr11	66669292	66676667	2	2	1	0	3	22
chr11	66919291	67012245	2	4	0	0	3	44
chr11	66952779	67026508	1	1	0	0	2	43
chr11	66992524	67032685	2	2	0	0	1	36
chr11	67124407	67125686	1	1	0	0	2	33
chr11	67359146	67360573	2	2	0	0	1	33
chr11	70222834	70256470	1	1	0	0	1	17
chr11	76061623	76061753	2	2	0	0	5	18
chr11	76371933	76372208	2	2	0	0	1	17
chr11	87242986	87341164	1	1	0	0	2	37
chr11	90966932	90995926	2	2	0	0	2	25
chr11	108212265	108236283	2	4	0	0	1	18
chr11	116757391	116834588	1	1	0	0	8	46
chr11	117205202	117205894	1	3	0	0	1	44
chr11	117208065	117208896	2	2	1	0	2	43
chr11	118849781	118860756	2	4	0	0	1	27
chr11	129051830	129112117	2	2	0	0	2	26
chr12	759376	770018	1	3	0	0	1	27
chr12	1017228	1049973	2	2	0	0	1	36
chr12	2897048	2903459	1	3	0	0	1	45
chr12	2952062	2986612	2	4	0	0	1	27
chr12	6646055	6665521	1	1	0	1	0	30
chr12	6918534	7040189	1	1	0	0	4	32
chr12	7761480	7761791	2	2	0	0	1	45
chr12	8972317	8974326	2	2	0	0	2	20
chr12	9284134	9288201	1	1	1	0	1	8
chr12	9288336	9293437	1	1	0	0	2	18
chr12	9288350	9293661	1	1	1	0	3	34
chr12	9294519	9294816	1	1	1	0	4	30
chr12	9301247	9302227	1	1	1	0	12	45
chr12	9302275	9302622	1	1	1	0	17	41
chr12	9302275	9302626	1	1	0	0	1	16
chr12	9302703	9303974	1	1	1	0	1	39
chr12	9304020	9304139	1	1	1	0	1	15
chr12	9304208	9305718	1	1	1	0	5	33
chr12	9306124	9306236	1	1	1	0	4	25
chr12	9311291	9311549	1	1	1	0	5	37
chr12	9312324	9312616	1	1	1	0	1	22
chr12	9313883	9313973	1	1	0	0	1	42
chr12	9417828	9417918	2	2	0	0	1	42
chr12	9418286	9425774	2	4	0	0	2	20
chr12	9419574	9419980	2	2	1	0	1	26
chr12	9420256	9420514	2	2	1	0	5	37
chr12	9424641	9425470	2	2	1	0	1	35
chr12	9425603	9425715	2	2	1	0	4	25
chr12	9426121	9427632	2	2	1	0	5	33
chr12	9427701	9427820	2	2	1	0	1	15
chr12	9427866	9429131	2	2	1	0	1	39
chr12	9429208	9429559	2	2	0	0	1	16
chr12	9429212	9429559	2	2	1	0	17	41
chr12	9429607	9430587	2	2	1	0	9	23
chr12	9430741	9432365	2	2	1	0	3	39
chr12	9437105	9437402	2	2	1	0	4	30
chr12	9437490	9438010	2	2	1	0	2	37
chr12	9438260	9443534	2	2	1	0	3	34
chr12	9443683	9447744	2	2	1	0	1	8
chr12	9443683	9447981	2	2	1	0	1	23
chr12	14494906	14536271	2	4	0	0	1	27
chr12	19125953	19152120	2	4	0	0	2	31
chr12	19147281	19149475	0	0	1	0	2	7
chr12	31740047	31786315	1	3	0	0	1	27
chr12	31870593	31902881	2	2	0	0	1	39
chr12	44577205	44682076	2	2	0	0	3	18
chr12	45375921	45397059	2	2	0	0	1	30
chr12	47596975	47602064	1	1	0	0	1	18
chr12	48757007	48764219	2	2	0	0	3	39
chr12	48928954	48929481	2	2	0	0	2	27
chr12	49045542	49122704	1	3	0	0	17	24
chr12	49128126	49185177	1	1	1	0	32	41
chr12	49128213	49128635	1	1	1	0	4	10
chr12	49128939	49129241	2	2	1	0	12	42
chr12	49129391	49129499	2	2	1	0	4	45
chr12	49129723	49131297	2	2	1	0	2	25
chr12	49185310	49272651	2	2	0	0	7	46
chr12	49185991	49186309	2	2	1	0	2	17
chr12	49269688	49269827	1	1	1	0	3	31
chr12	49269977	49272252	1	1	1	0	9	42
chr12	50426827	50450021	2	4	0	0	1	21
chr12	50757078	50778307	2	2	0	0	1	24
chr12	52936039	52959443	1	1	0	0	1	41
chr12	53317343	53350241	1	1	0	0	2	46
chr12	55213655	55225627	2	2	0	0	2	33
chr12	56176560	56176903	2	2	0	0	1	32
chr12	56185727	56186598	2	4	1	0	1	15
chr12	56196653	56197321	1	3	0	0	1	28
chr12	56379093	56387044	2	2	0	0	1	33
chr12	56752926	56756263	2	2	0	0	1	46
chr12	57361311	57404635	1	1	0	1	0	20
chr12	57774410	57784809	1	1	0	0	2	28
chr12	61982385	62019765	2	2	0	0	1	36
chr12	69198480	69289779	1	1	0	0	6	46
chr12	69477829	69521702	2	4	0	0	1	41
chr12	83646187	83675836	1	1	0	0	2	25
chr12	83788291	83829990	1	1	0	0	1	40
chr12	95542535	95731336	1	1	0	0	3	30
chr12	100601754	100611007	1	1	1	0	1	3
chr12	110014385	110043827	2	4	0	0	1	25
chr12	110415749	110446363	2	2	0	0	1	18
chr12	110441076	110484932	2	2	0	0	2	46
chr12	110605516	110775756	2	2	0	0	3	43
chr12	111893947	111895761	2	2	0	0	2	46
chr12	112372348	112373976	2	4	0	0	1	27
chr12	112418214	112430237	1	1	0	0	2	43
chr12	115698734	115794215	1	1	0	0	3	46
chr12	117877212	117891290	2	4	0	0	1	45
chr12	118023957	118028359	2	4	0	0	1	42
chr12	120244580	120461148	0	0	0	0	4	44
chr12	121482017	121482115	1	1	0	0	1	30
chr12	121825679	121841716	2	2	0	0	1	16
chr12	121874591	121896808	2	4	0	0	1	28
chr12	123239651	123339525	2	2	0	0	7	22
chr12	123710175	123768389	2	4	0	0	2	41
chr12	124845641	124859466	1	1	0	0	1	29
chr12	125064573	125082743	2	2	0	0	1	45
chr12	131235564	131236905	1	1	0	0	4	31
chr12	131469457	131529690	2	2	0	0	2	30
chr12	131758837	131763881	2	2	0	0	2	23
chr12	131951283	131951413	2	2	0	0	1	40
chr12	132722365	132722496	2	2	0	0	1	24
chr13	19214549	19217386	2	2	0	0	4	15
chr13	19669741	19672374	2	2	0	0	2	31
chr13	19693909	19758099	1	1	0	0	2	27
chr13	19944715	19971315	1	3	0	0	1	27
chr13	23891532	23891612	1	1	1	0	1	38
chr13	24595860	24597386	1	1	1	0	1	46
chr13	24910087	24911945	2	2	1	0	1	30
chr13	24924876	24925847	2	2	1	0	1	6
chr13	24925895	24928365	2	2	0	0	1	41
chr13	32090134	32127562	1	1	0	0	1	41
chr13	38071465	38118131	2	2	0	0	1	43
chr13	40762714	40766572	1	3	0	0	1	18
chr13	41592427	41626191	2	2	0	0	1	35
chr13	45228881	45417221	1	1	0	0	3	33
chr13	52354405	52389005	1	3	0	0	1	27
chr13	52468043	52469828	2	2	0	0	3	39
chr13	54289453	54345691	2	2	0	0	2	46
chr13	73044590	73086534	1	1	0	0	2	44
chr13	76949197	77069797	1	1	0	0	3	44
chr13	78924942	79017579	1	1	0	0	2	30
chr13	98565568	98774606	1	1	0	0	4	30
chr13	100029214	100046497	2	2	0	0	2	46
chr14	19054712	19055389	1	1	1	0	22	45
chr14	19054717	19055389	1	1	1	0	10	40
chr14	19055575	19055601	1	1	0	0	1	27
chr14	19062467	19064582	1	1	1	0	20	46
chr14	19062467	19066000	1	1	1	0	4	23
chr14	19062467	19066235	1	1	1	0	8	38
chr14	19062467	19068076	1	1	1	0	3	38
chr14	19062467	19068432	1	1	1	0	4	44
chr14	19062467	19130635	1	1	1	0	2	38
chr14	19064648	19068183	1	1	0	0	1	32
chr14	19064694	19065967	1	1	1	0	6	44
chr14	19064694	19066000	1	1	1	0	10	44
chr14	19066116	19066235	1	1	1	0	37	46
chr14	19066348	19067829	1	1	1	0	1	21
chr14	19066348	19068076	1	1	1	0	50	46
chr14	19066348	19068100	1	1	1	0	3	40
chr14	19066348	19068432	1	1	1	0	3	28
chr14	19068148	19100424	1	3	1	0	1	11
chr14	19068215	19068432	1	1	1	0	32	44
chr14	19068569	19069043	1	1	1	0	1	35
chr14	19068569	19074267	1	1	1	0	2	36
chr14	19068569	19130635	1	1	1	0	1	15
chr14	19069891	19089130	1	1	0	0	1	33
chr14	19080956	19084795	1	3	0	0	1	28
chr14	19093007	19095344	1	1	1	0	1	18
chr14	19093007	19103676	1	1	1	0	1	29
chr14	19093007	19130635	1	1	1	0	5	38
chr14	19096073	19098694	1	1	1	0	1	31
chr14	19108094	19108229	1	1	0	0	1	34
chr14	19115271	19130635	1	1	1	0	3	40
chr14	19244981	19245664	2	2	1	0	3	16
chr14	19269381	19284715	2	2	1	0	1	14
chr14	19269381	19307020	2	2	1	0	7	43
chr14	19269381	19331481	2	2	1	0	2	43
chr14	19269381	19337579	2	2	1	0	2	38
chr14	19291110	19331834	2	2	1	0	1	32
chr14	19296352	19307020	2	2	1	0	1	29
chr14	19300091	19331901	2	4	1	0	1	11
chr14	19301330	19303952	2	2	0	0	2	31
chr14	19307507	19309440	1	5	0	0	1	43
chr14	19310462	19321809	1	1	0	0	1	37
chr14	19310906	19330159	2	2	0	0	1	33
chr14	19312060	19326156	1	1	0	0	5	42
chr14	19315252	19319094	2	4	0	0	1	28
chr14	19325782	19331481	2	2	1	0	2	36
chr14	19331007	19331481	2	2	1	0	1	35
chr14	19331618	19331834	2	2	1	0	31	44
chr14	19331618	19333701	2	2	1	0	3	28
chr14	19331618	19337579	2	2	1	0	4	44
chr14	19331866	19335397	2	2	0	0	1	32
chr14	19331949	19333701	2	2	1	0	3	40
chr14	19331973	19333701	2	2	1	0	50	46
chr14	19331973	19337579	2	2	1	0	3	38
chr14	19332220	19333701	2	2	1	0	1	21
chr14	19333814	19333933	2	2	1	0	37	46
chr14	19333814	19337579	2	2	1	0	8	38
chr14	19334049	19335351	2	2	1	0	10	44
chr14	19334049	19337579	2	2	1	0	4	23
chr14	19334082	19335351	2	2	1	0	10	44
chr14	19334082	19337579	2	2	1	0	4	36
chr14	19335463	19337579	2	2	1	0	20	46
chr14	19344635	19345307	2	2	1	0	10	40
chr14	19344635	19345312	2	2	1	0	22	45
chr14	20037196	20082443	1	1	0	0	1	31
chr14	20311431	20315063	2	4	0	0	1	27
chr14	21305035	21338148	2	2	0	0	2	46
chr14	22805928	22810764	1	1	0	0	1	39
chr14	22864086	22936605	1	1	0	0	3	27
chr14	22864086	23041181	1	1	0	0	3	27
chr14	22903013	22940327	2	2	0	0	2	46
chr14	23061849	23122716	2	4	0	4	0	26
chr14	34410494	34445473	2	4	0	0	2	27
chr14	34414597	34513323	2	4	0	0	3	45
chr14	34520123	34564263	1	1	0	0	1	31
chr14	34560563	34701408	2	2	0	0	3	38
chr14	34560707	34565309	2	2	0	0	2	39
chr14	34682272	34749905	2	4	0	0	2	39
chr14	34922095	35106077	2	2	0	0	4	34
chr14	38945479	38946691	2	2	1	0	1	4
chr14	39921629	39941917	1	1	0	0	1	16
chr14	43571485	43620672	1	3	0	0	2	46
chr14	45118902	45160589	1	3	0	0	1	27
chr14	49819460	49862578	1	3	0	0	1	26
chr14	50219049	50224226	1	1	0	0	1	32
chr14	50270739	50290005	2	4	0	0	2	46
chr14	50625006	50681555	1	1	0	0	5	42
chr14	54926463	54938318	1	1	0	0	1	39
chr14	54944471	54955560	2	2	1	0	2	21
chr14	55199593	55200069	1	1	1	0	2	7
chr14	58411255	58425920	2	2	0	0	1	33
chr14	64266926	64283970	1	3	0	0	1	26
chr14	73055936	73065785	2	2	0	0	1	46
chr14	73311268	73351790	2	2	0	0	1	17
chr14	73444335	73470900	1	1	0	0	1	32
chr14	73858428	73892956	2	2	0	0	2	45
chr14	74058912	74272818	2	2	0	0	4	46
chr14	74485068	74488488	1	1	0	0	2	34
chr14	88574523	88574692	1	1	1	0	4	47
chr14	92665630	92725823	2	2	0	0	2	37
chr14	102153539	102156400	2	2	0	0	1	16
chr14	102413610	102484027	2	2	0	0	2	45
chr14	102432791	102530179	1	1	0	0	2	46
chr14	102572382	102598186	2	2	0	0	1	41
chr14	103399495	103444563	1	1	0	0	4	33
chr14	103511943	103592859	1	1	0	0	2	31
chr14	103579492	103587273	1	1	1	0	1	3
chr15	20270510	20273905	2	2	0	0	1	33
chr15	22281095	22299718	1	1	0	0	1	27
chr15	22299601	22390108	1	1	0	0	2	41
chr15	22993331	23001573	2	2	0	0	2	26
chr15	22997849	23190472	2	2	0	0	4	40
chr15	28213973	28214075	2	2	1	0	1	43
chr15	28299517	28321361	2	2	1	0	1	22
chr15	28310418	28311049	2	4	0	0	1	26
chr15	28465380	28681364	1	1	0	0	5	46
chr15	28590261	28612058	1	1	1	0	1	22
chr15	28655692	28655795	1	1	1	0	1	43
chr15	28659400	28681364	1	1	0	0	5	46
chr15	30085843	30086023	1	1	1	0	3	37
chr15	30086105	30086957	1	1	1	0	2	39
chr15	30086997	30087258	1	1	1	0	2	3
chr15	30110427	30113907	1	1	1	0	4	21
chr15	30113972	30116891	1	1	1	0	3	9
chr15	30137941	30138121	1	1	1	0	3	37
chr15	30138203	30139057	1	1	1	0	2	39
chr15	30139097	30139358	1	1	1	0	2	3
chr15	30144205	30144778	1	1	1	0	2	43
chr15	30380400	30383318	2	2	1	0	3	9
chr15	30383383	30386862	2	2	1	0	4	32
chr15	30403894	30404514	1	1	1	0	1	41
chr15	30404533	30405106	2	2	1	0	2	43
chr15	30411200	30411380	2	2	1	0	3	37
chr15	30419146	30421435	1	1	1	0	1	37
chr15	30544803	30547091	2	2	1	0	1	37
chr15	30613788	30614407	2	2	1	0	1	41
chr15	30613788	30625050	2	2	1	0	2	21
chr15	32586261	32588564	2	2	1	0	1	37
chr15	32600691	32603106	2	2	1	0	1	26
chr15	32603204	32603824	2	2	1	0	1	41
chr15	32603204	32614436	2	2	1	0	2	21
chr15	34196348	34221829	1	1	0	0	1	39
chr15	34391427	34398633	2	2	1	0	4	26
chr15	34537648	34544857	2	2	1	0	4	26
chr15	41308625	41308719	1	1	1	0	1	3
chr15	41344057	41399392	0	0	0	0	3	47
chr15	42551055	42573408	1	1	0	0	1	37
chr15	44007899	44105331	2	4	0	0	2	24
chr15	44330054	44333075	1	1	0	0	1	27
chr15	44831704	44832326	2	2	1	0	1	18
chr15	45068247	45068876	1	1	1	0	1	18
chr15	57441414	57473954	1	3	0	0	1	27
chr15	64837366	64863184	2	2	0	0	1	26
chr15	68203026	68212721	1	3	0	0	1	26
chr15	74505316	74693765	2	2	0	0	3	46
chr15	75458091	75471477	2	2	0	0	1	36
chr15	80024293	80024627	1	3	0	0	1	27
chr15	81702950	81736081	1	1	0	0	1	35
chr15	82355375	82400659	1	1	1	0	2	25
chr15	82385302	82450820	1	1	0	0	7	46
chr15	82420076	82431829	1	1	1	0	1	33
chr15	82433650	82434033	1	1	1	0	1	33
chr15	83354543	83360065	1	1	0	0	68	44
chr15	84172586	84173978	1	1	1	0	1	22
chr15	84172586	84173982	1	1	1	0	1	34
chr15	84173075	84173978	1	1	1	0	1	30
chr15	84173594	84174007	1	1	1	0	1	40
chr15	84174158	84181981	1	1	1	0	3	46
chr15	84204692	84204786	2	2	1	0	1	6
chr15	84205320	84229851	2	2	1	0	3	10
chr15	84239406	84239787	1	1	1	0	3	34
chr15	84408002	84412773	2	2	1	0	2	20
chr15	84433464	84433495	2	2	0	0	1	37
chr15	84443731	84468281	1	1	1	0	3	10
chr15	84468778	84468872	1	1	1	0	1	6
chr15	84486718	84491479	2	2	1	0	1	20
chr15	84486735	84491479	2	2	1	0	1	20
chr15	84491582	84499414	2	2	1	0	2	46
chr15	84493896	84564329	1	1	0	0	2	45
chr15	84499594	84500986	2	2	1	0	1	22
chr15	84512834	84513214	2	2	1	0	3	34
chr15	84569684	84570598	2	2	1	0	1	30
chr15	85816681	85855565	1	1	0	1	0	34
chr15	89923224	89968592	2	2	0	0	1	21
chr15	89961811	89990551	1	1	0	0	2	31
chr15	90627815	90652139	2	2	0	0	1	25
chr15	91766142	91812347	1	3	0	0	1	26
chr15	94050910	94101678	1	1	0	0	3	41
chr16	238584	301087	0	0	0	0	4	41
chr16	1827708	1838015	1	1	0	0	4	34
chr16	2557964	2561479	1	1	1	0	1	36
chr16	2561523	2561770	1	1	1	0	5	40
chr16	2565698	2566355	1	1	1	0	3	38
chr16	2566454	2571073	1	1	1	0	1	8
chr16	2566454	2577424	1	1	1	0	1	26
chr16	2571573	2571709	1	1	0	0	2	33
chr16	2581364	2581606	1	1	1	0	2	46
chr16	2583586	2586675	1	1	1	0	2	32
chr16	2618579	2618821	2	2	1	0	2	46
chr16	2622766	2633738	2	2	1	0	1	26
chr16	2633837	2634494	2	2	1	0	3	38
chr16	2638422	2638669	2	2	1	0	5	40
chr16	2638713	2642228	2	2	1	0	1	36
chr16	2672571	2672706	2	2	1	0	1	41
chr16	3628792	3709047	2	2	0	0	7	46
chr16	4125984	4259333	2	2	0	0	4	40
chr16	8680659	8725146	2	2	0	0	1	33
chr16	11623206	11685474	2	2	0	0	2	19
chr16	11772094	11821476	1	1	0	0	2	24
chr16	12830304	12839187	2	2	0	0	1	46
chr16	14708744	14708905	1	1	1	0	2	37
chr16	14709064	14716067	1	1	1	0	1	14
chr16	14726163	14765156	2	2	0	0	25	44
chr16	14747866	14748027	1	1	1	0	2	37
chr16	14748186	14755191	1	1	1	0	1	14
chr16	14911908	14917539	1	1	1	0	10	45
chr16	14914420	14915999	2	4	0	0	4	19
chr16	14917612	14917732	1	1	1	0	4	22
chr16	14917805	14918072	1	1	1	0	4	41
chr16	14926591	14926656	1	1	1	0	1	14
chr16	14931076	14932570	1	1	1	0	1	19
chr16	14931688	14931923	1	3	0	0	1	45
chr16	14932972	14933065	1	1	1	0	1	13
chr16	14933277	14933366	1	1	1	0	1	30
chr16	14933494	14935159	1	1	1	0	1	37
chr16	14933494	14948929	1	1	0	0	2	40
chr16	14933927	14934056	1	1	0	0	1	43
chr16	14935398	14937373	1	1	0	0	1	43
chr16	14935398	14937564	1	1	1	0	3	28
chr16	14945674	14945836	1	1	1	0	2	15
chr16	14945982	14948929	1	1	1	0	4	21
chr16	14949038	14950049	1	1	1	0	9	40
chr16	14950111	14950219	1	1	1	0	4	19
chr16	14950256	14951614	1	1	1	0	8	39
chr16	14950822	14951614	1	1	1	0	7	44
chr16	15104409	15104479	1	1	0	0	10	24
chr16	15104605	15363789	1	1	0	0	11	47
chr16	15104759	15105548	2	2	1	0	3	35
chr16	15106321	15107329	2	2	1	0	9	40
chr16	15107438	15110413	2	2	1	0	4	21
chr16	15107438	15127469	2	2	0	0	1	40
chr16	15110822	15114442	2	2	1	0	2	14
chr16	15114572	15118925	2	2	1	0	14	41
chr16	15119055	15121843	2	2	1	0	1	45
chr16	15119055	15125690	2	2	1	0	4	45
chr16	15125808	15127469	2	2	1	0	1	37
chr16	15127898	15127991	2	2	1	0	1	13
chr16	15128390	15129881	2	2	1	0	1	19
chr16	15133424	15133489	2	2	1	0	1	14
chr16	15137924	15138191	2	2	1	0	4	41
chr16	15138264	15138384	2	2	1	0	4	22
chr16	15138457	15154349	2	2	1	0	10	45
chr16	15364070	15365428	2	2	1	0	8	39
chr16	15365465	15365573	2	2	1	0	4	19
chr16	15365635	15366652	2	2	1	0	9	40
chr16	15366761	15369711	2	2	1	0	4	21
chr16	15369857	15370019	2	2	1	0	3	23
chr16	15373844	15380927	2	2	1	0	1	14
chr16	18873077	18888087	2	2	0	0	1	25
chr16	20483178	20486573	1	1	1	0	4	24
chr16	20537363	20540653	2	2	1	0	4	24
chr16	21252928	21258225	1	3	0	0	2	45
chr16	21458050	21458520	2	2	1	0	2	35
chr16	21458640	21459779	2	2	1	0	1	15
chr16	21463994	21464715	2	2	1	0	1	9
chr16	21473250	21478090	2	2	1	0	1	3
chr16	21484536	21487577	2	2	1	0	5	13
chr16	21487617	21495170	2	2	1	0	5	39
chr16	21895793	21896514	2	2	1	0	1	9
chr16	22106172	22129974	1	1	0	0	2	41
chr16	22444064	22451619	1	1	1	0	5	39
chr16	22451659	22454701	1	1	1	0	5	13
chr16	22460843	22465692	1	1	1	0	1	3
chr16	22474227	22474948	1	1	1	0	1	9
chr16	22479132	22480263	1	1	1	0	1	15
chr16	22480383	22480853	1	1	1	0	2	35
chr16	25511885	25683272	1	1	0	0	6	41
chr16	28355541	28469380	2	2	0	0	4	44
chr16	28379881	28379975	2	2	1	0	2	37
chr16	28380792	28383117	2	2	1	0	1	36
chr16	28388699	28390290	2	2	1	0	2	22
chr16	28391856	28391979	2	2	1	0	1	31
chr16	28395204	28438590	2	2	0	0	2	25
chr16	28399999	28400376	2	2	1	0	7	31
chr16	28400985	28401206	2	2	1	0	7	32
chr16	28401397	28401538	2	2	1	0	2	35
chr16	28404170	28404475	1	1	0	0	2	41
chr16	28560364	28584427	1	1	0	0	1	27
chr16	28638481	28648134	1	1	1	0	1	45
chr16	28652057	28652168	1	1	1	0	1	31
chr16	28692320	28787851	2	2	0	0	2	16
chr16	28710830	28711135	2	2	0	0	2	41
chr16	28713767	28713908	1	1	1	0	2	35
chr16	28714099	28714320	1	1	1	0	7	32
chr16	28714929	28715306	1	1	1	0	7	31
chr16	28720194	28759373	2	2	0	0	1	29
chr16	28723324	28723447	1	1	1	0	1	31
chr16	28725013	28726604	1	1	1	0	2	22
chr16	28732193	28734519	1	1	1	0	1	36
chr16	28735336	28735430	1	1	1	0	2	37
chr16	28752593	28762250	1	1	1	0	1	45
chr16	28766182	28766293	1	1	1	0	1	31
chr16	28948220	29027522	2	2	0	0	2	32
chr16	29390137	29390248	2	2	1	0	1	31
chr16	29390349	29393947	2	2	1	0	4	41
chr16	29485452	29485679	1	1	0	0	1	24
chr16	29485509	29485679	1	1	0	0	1	24
chr16	29491663	29491774	2	2	1	0	1	31
chr16	29491875	29495478	2	2	1	0	4	41
chr16	29495608	29500142	2	2	1	0	1	46
chr16	30081985	30178178	1	3	0	0	2	43
chr16	30105736	30161555	2	2	0	0	2	39
chr16	30135601	30136955	2	2	0	0	1	39
chr16	30730795	30732087	1	1	0	0	1	25
chr16	30955759	30956040	2	2	0	0	1	38
chr16	31115007	31116294	2	2	0	0	1	37
chr16	32181941	32182089	2	2	1	0	2	26
chr16	32742425	32747487	1	1	1	0	2	11
chr16	32747339	32747487	1	1	1	0	2	26
chr16	32753414	32753797	1	1	1	0	1	46
chr16	32755046	32757751	1	1	1	0	1	31
chr16	32758369	32758475	1	1	1	0	7	37
chr16	32758604	32758695	1	1	1	0	24	39
chr16	32759892	32760424	1	1	1	0	1	12
chr16	33109984	33110516	2	2	1	0	1	12
chr16	33111713	33111804	2	2	1	0	24	39
chr16	33111933	33112039	2	2	1	0	7	37
chr16	33112657	33115362	2	2	1	0	1	32
chr16	33116611	33116994	2	2	1	0	1	46
chr16	33122921	33127983	2	2	1	0	2	11
chr16	55790677	55793407	1	1	1	0	1	35
chr16	55803602	55806332	2	2	1	0	1	35
chr16	56573736	56735750	2	2	0	0	3	28
chr16	56609058	56609262	1	1	1	0	22	43
chr16	56633406	56633750	1	1	1	0	13	28
chr16	56658087	56658674	1	1	1	0	2	23
chr16	56658741	56659072	1	1	1	0	9	35
chr16	56666971	56667311	2	2	1	0	56	45
chr16	56667381	56667965	2	2	1	0	1	6
chr16	56682569	56683164	1	1	1	0	5	13
chr16	56683231	56683957	1	1	1	0	10	47
chr16	56691773	56701158	1	3	0	0	2	27
chr16	57321695	57405818	1	1	0	0	3	46
chr16	58599512	58624652	2	2	1	0	1	3
chr16	58623410	58624652	2	2	1	0	2	6
chr16	59321289	59360595	1	1	0	0	1	16
chr16	67703211	67745963	2	4	0	0	1	26
chr16	68242046	68267016	2	2	0	0	1	32
chr16	68757300	68847100	1	3	0	0	2	45
chr16	68801327	68846236	1	3	0	0	1	13
chr16	68906116	68926429	1	1	0	0	1	32
chr16	69678297	69708997	2	2	0	0	1	20
chr16	70501687	70530353	2	2	0	0	3	16
chr16	71627297	71643469	1	1	0	0	1	41
chr16	71899809	71999056	1	1	0	0	4	33
chr16	73459599	73474379	2	2	0	0	1	41
chr16	74416046	74448887	1	1	0	0	5	46
chr16	74908978	74909500	2	2	1	0	1	35
chr16	75459626	75501480	1	1	0	0	2	21
chr16	88666485	88670403	1	3	0	0	1	24
chr16	89514682	89516169	0	0	0	0	6	35
chr16	89628507	89675599	2	2	0	0	1	38
chr16	89650665	89654846	1	1	0	0	1	44
chr16	89650665	89679724	1	1	0	0	1	44
chr16	89782161	89799778	1	1	0	0	2	41
chr16	89782161	89839126	1	1	0	0	2	41
chr17	1102028	1107899	2	2	0	0	1	39
chr17	1222296	1263966	2	2	0	0	1	47
chr17	1320965	1357051	2	2	0	0	1	44
chr17	2046705	2048730	2	2	0	0	3	24
chr17	2253187	2280307	1	3	0	0	1	45
chr17	2261256	2309060	1	1	0	0	1	24
chr17	2291117	2301627	1	1	0	0	1	45
chr17	2528669	2529425	2	2	0	0	1	37
chr17	2539752	2640610	2	2	0	0	3	43
chr17	4011377	4045126	2	4	0	0	1	27
chr17	4713396	4732186	1	3	0	0	1	45
chr17	5418142	5419353	2	2	1	0	1	3
chr17	6371413	6407688	1	1	0	0	2	47
chr17	6371413	6411261	1	1	0	0	2	47
chr17	7497046	7497355	1	1	1	0	3	22
chr17	9303227	9395011	1	1	0	0	2	32
chr17	10095607	10181146	1	1	0	0	3	14
chr17	10095607	10209524	1	1	0	0	3	14
chr17	15950488	15960830	0	0	0	0	3	42
chr17	16216390	16216551	2	2	0	0	1	29
chr17	16228621	16230093	2	2	0	0	5	46
chr17	16292270	16339196	1	1	0	0	1	36
chr17	16317909	16324352	1	1	1	0	1	3
chr17	17193104	17211867	1	1	0	0	1	22
chr17	18153189	18202092	1	1	0	0	1	46
chr17	18610468	18611640	1	1	1	0	1	12
chr17	18693455	18768298	2	2	0	0	2	39
chr17	18740994	18768298	2	2	0	0	2	39
chr17	19037112	19071881	2	2	0	0	1	30
chr17	19062223	19188325	1	1	0	0	3	42
chr17	19063464	19190155	2	2	0	0	3	32
chr17	19064047	19190155	2	2	0	0	67	42
chr17	19069066	19070047	2	2	0	0	2	18
chr17	19111971	19190155	2	2	0	0	3	32
chr17	19112547	19190155	2	2	0	0	67	42
chr17	19112549	19190155	2	2	1	0	2	3
chr17	19182153	19183130	1	1	0	0	2	18
chr17	19188106	19188696	1	1	0	0	3	32
chr17	19189565	19190155	2	2	0	0	3	32
chr17	19295280	19296381	2	2	0	0	1	25
chr17	21305129	21312141	1	1	1	0	1	5
chr17	21312282	21313491	1	1	1	0	3	7
chr17	21313538	21314146	1	1	1	0	3	41
chr17	21773838	21774443	2	2	1	0	3	41
chr17	21774490	21775699	2	2	1	0	3	7
chr17	22637436	22650887	2	2	0	0	3	19
chr17	27228921	27376223	1	1	0	0	7	46
chr17	28692109	28742378	1	1	0	0	2	44
chr17	29764200	29861805	2	2	0	0	3	17
chr17	30135707	30214865	2	2	0	0	3	46
chr17	30154635	30154684	2	4	0	0	1	27
chr17	30731136	30771171	1	1	0	0	1	17
chr17	31454671	31472819	1	1	0	0	1	46
chr17	31563329	31577373	2	2	0	0	4	46
chr17	32024783	32027768	1	1	1	0	2	41
chr17	32091849	32094861	2	2	1	0	2	41
chr17	32155657	32156380	2	2	0	0	2	35
chr17	32431050	32432361	1	3	1	0	1	17
chr17	32803379	32832530	2	2	0	0	1	21
chr17	35935498	35945282	2	2	0	0	1	46
chr17	37311771	37351038	2	2	0	0	2	25
chr17	38078347	38101402	1	1	1	0	2	19
chr17	38085953	38122367	1	1	0	0	1	30
chr17	38097232	38098685	1	3	0	0	1	28
chr17	38111467	38122799	1	1	0	0	1	27
chr17	38111523	38114778	1	1	1	0	2	18
chr17	38114887	38117539	1	1	1	0	3	30
chr17	38117741	38118186	1	1	1	0	3	34
chr17	38118284	38118407	1	1	1	0	4	34
chr17	38118442	38119292	1	1	1	0	9	19
chr17	38119408	38122799	1	1	1	0	13	44
chr17	38122965	38124038	1	1	1	0	37	40
chr17	38124144	38124569	1	1	1	0	45	47
chr17	38195941	38196366	2	2	1	0	45	47
chr17	38196472	38197545	2	2	1	0	37	40
chr17	38196524	38197545	2	2	1	0	8	9
chr17	38197711	38201104	2	2	1	0	13	44
chr17	38197711	38209050	2	2	0	0	1	27
chr17	38198143	38234588	2	2	0	0	1	30
chr17	38198149	38199985	2	2	0	0	1	24
chr17	38201220	38202071	2	2	1	0	9	19
chr17	38202106	38202237	2	2	1	0	4	34
chr17	38202106	38202780	2	2	1	0	2	20
chr17	38202335	38202780	2	2	1	0	3	34
chr17	38202982	38205634	2	2	1	0	3	30
chr17	38205743	38208994	2	2	1	0	2	18
chr17	38219124	38242200	2	2	1	0	2	19
chr17	38219124	38256897	2	2	1	0	2	40
chr17	38221841	38223316	2	4	0	0	1	28
chr17	38242286	38256897	2	2	1	0	1	39
chr17	39476836	39477134	2	4	0	0	1	32
chr17	40014360	40014553	2	2	1	0	1	3
chr17	40043674	40046530	1	1	0	0	2	31
chr17	40216125	40216602	2	4	0	0	1	46
chr17	40228098	40237727	2	2	0	0	4	39
chr17	40494501	40497372	1	1	0	0	1	23
chr17	41694802	41704499	2	4	0	0	1	27
chr17	42334588	42334850	1	3	0	0	1	45
chr17	42498613	42524508	1	1	0	0	1	46
chr17	43009540	43057620	1	1	0	0	4	46
chr17	43032742	43046153	2	2	0	0	1	41
chr17	43282487	43294785	1	1	0	0	1	18
chr17	44379339	44402297	2	4	0	0	1	27
chr17	45059144	45101087	1	1	0	0	1	22
chr17	45139161	45142582	1	1	1	0	1	6
chr17	45622042	45629903	1	1	1	0	3	46
chr17	46255911	46276126	1	1	0	0	2	43
chr17	46946365	46946437	1	3	0	0	1	18
chr17	48956402	48984535	2	2	0	0	1	32
chr17	49336845	49355684	1	1	0	0	1	21
chr17	49880236	49918548	2	2	0	0	1	13
chr17	51032718	51081525	2	2	0	0	1	36
chr17	52333162	52351797	1	1	0	0	1	34
chr17	52414816	52417906	1	1	0	0	1	31
chr17	53408387	53418906	2	2	0	0	1	46
chr17	57013486	57047227	2	2	0	0	1	40
chr17	58670703	58716034	1	1	0	1	0	44
chr17	58864467	58865212	2	2	0	0	1	34
chr17	59082101	59096382	2	4	0	0	1	39
chr17	59140465	59145033	1	1	0	0	1	45
chr17	59206270	59207283	1	1	0	0	1	14
chr17	59539985	59591277	2	4	0	0	2	27
chr17	59540485	59551276	2	2	0	0	1	39
chr17	59570664	59573115	1	1	1	0	1	47
chr17	59575472	59577265	1	1	1	0	3	14
chr17	59579559	59579696	1	1	1	0	4	8
chr17	59579880	59586152	1	1	1	0	2	9
chr17	59586234	59587895	1	1	1	0	4	29
chr17	59588054	59598736	1	1	1	0	6	36
chr17	59598852	59599374	1	1	1	0	8	29
chr17	59599484	59602521	1	1	1	0	2	7
chr17	59976133	59976655	2	2	1	0	8	29
chr17	59976771	59987446	2	2	1	0	6	36
chr17	59987605	59989263	2	2	1	0	1	13
chr17	59989345	59995631	2	2	1	0	2	9
chr17	59995815	59995952	2	2	1	0	4	8
chr17	62374248	62404583	1	1	0	0	1	25
chr17	62449868	62472523	1	1	0	0	2	12
chr17	68349855	68394605	2	4	0	0	1	28
chr17	68570171	68586985	1	1	0	0	1	45
chr17	68965050	69091754	2	2	0	0	3	39
chr17	73254875	73267527	2	2	0	0	1	46
chr17	73378651	73425737	2	2	0	0	2	26
chr17	73420907	73425737	2	2	0	0	2	26
chr17	75095937	75136767	1	1	0	0	3	22
chr17	75101221	75125815	1	3	0	0	1	26
chr17	75175715	75204930	2	2	0	0	1	32
chr17	75284376	75418519	2	4	0	0	6	27
chr17	76123440	76172573	2	2	0	0	1	29
chr17	76321342	76345020	1	1	0	0	1	41
chr17	77201546	77202526	1	1	0	0	1	43
chr17	78259687	78275908	1	1	0	0	1	30
chr17	79687475	79750563	1	1	0	0	2	39
chr17	82233929	82401231	2	2	0	0	3	44
chr17	82325364	82379162	1	1	0	0	3	18
chr17	82325364	82447083	1	1	0	0	3	18
chr17	82447139	82485206	1	1	0	0	1	46
chr17	82471578	82485206	1	1	0	0	1	46
chr17	82485207	82502754	1	1	0	0	2	29
chr18	368741	406383	2	4	0	0	1	35
chr18	3477042	3523632	1	1	0	0	1	46
chr18	6981033	7107943	1	1	0	0	3	25
chr18	7410778	7435097	2	2	0	0	2	46
chr18	21562399	21564998	2	2	0	0	1	36
chr18	21634087	21640870	2	2	0	0	1	39
chr18	21967630	21986770	1	1	0	0	2	15
chr18	62998079	63089826	2	2	0	0	2	37
chr18	63324293	63595684	1	1	0	0	4	24
chr18	76576779	76602030	1	1	0	0	1	39
chr18	76781509	76793825	1	1	0	0	2	47
chr19	512102	555452	2	2	0	0	2	33
chr19	729548	893679	2	2	0	0	3	38
chr19	834905	1101013	1	1	0	0	4	44
chr19	838112	1101013	1	1	0	0	4	44
chr19	864987	916553	1	1	0	0	2	38
chr19	1346561	1350718	2	2	0	0	1	39
chr19	1440254	1440348	1	1	1	0	1	44
chr19	1920089	1948116	1	3	0	0	2	44
chr19	1948248	1948292	1	3	0	0	1	45
chr19	2119328	2119599	1	3	0	0	1	28
chr19	2159621	2312167	2	2	0	0	4	29
chr19	2162269	2312167	2	2	0	0	4	29
chr19	2882213	2938741	1	1	0	0	2	46
chr19	3083010	3159256	2	2	0	0	2	39
chr19	3232862	3236770	1	1	0	0	2	38
chr19	4105383	4105787	2	2	0	0	1	45
chr19	4150832	4283810	2	2	0	0	3	46
chr19	4150832	4293193	2	2	0	0	3	46
chr19	4170695	4176375	1	1	0	0	1	46
chr19	4300234	4308830	2	4	0	0	1	27
chr19	4417220	4432561	2	2	0	0	1	21
chr19	4698944	4780612	1	1	0	0	2	46
chr19	4839898	4862364	2	2	0	0	7	29
chr19	5173969	5268044	2	2	0	0	3	38
chr19	5842830	5901903	2	2	0	0	2	46
chr19	6909965	7177777	2	2	0	0	6	46
chr19	8218010	8260239	1	1	0	0	1	27
chr19	8480266	8496170	2	2	0	0	1	17
chr19	8502850	8509780	1	1	0	0	1	27
chr19	9646302	9648533	2	2	0	0	1	14
chr19	10436430	10475667	2	2	0	0	1	38
chr19	10652624	10652947	2	2	0	0	1	33
chr19	10705160	10754836	2	2	0	0	1	22
chr19	10906031	10954903	2	2	0	0	1	23
chr19	11045106	11153546	1	1	0	0	7	41
chr19	11277534	11318807	2	2	0	0	1	15
chr19	11504337	11531887	2	4	0	0	1	47
chr19	11544986	11557679	1	1	0	0	1	33
chr19	11560378	11579880	1	1	0	0	1	28
chr19	11671160	11673686	1	1	0	0	2	36
chr19	11680973	11682545	1	1	1	0	1	46
chr19	12015139	12044173	1	1	0	0	1	46
chr19	12539641	12559433	2	4	0	0	1	27
chr19	12917937	12922216	1	1	0	0	1	13
chr19	13266075	13298053	2	2	0	0	1	41
chr19	13723822	13735097	2	2	0	0	1	43
chr19	13753510	13790906	1	1	0	0	1	38
chr19	14098727	14123612	2	2	0	0	1	38
chr19	14391080	14396341	1	1	1	0	1	28
chr19	14453274	14468097	2	2	0	0	1	43
chr19	14767110	14772341	2	2	1	0	1	28
chr19	15308801	15322637	1	1	0	0	1	32
chr19	15879898	15885923	2	2	1	0	2	23
chr19	16450996	16476122	1	3	0	0	1	28
chr19	17295452	17380323	1	1	0	0	2	27
chr19	17354220	17378045	1	1	0	0	1	41
chr19	17414068	17461153	1	1	0	0	1	46
chr19	17414537	17421913	2	4	1	0	2	5
chr19	18317592	18335126	2	4	0	0	1	42
chr19	18370357	18379414	1	1	0	0	1	31
chr19	18825945	18912082	1	1	0	0	2	44
chr19	19089313	19117724	1	1	0	0	1	39
chr19	19361872	19384263	2	2	0	0	2	41
chr19	19610386	19704840	2	4	0	0	2	27
chr19	19664557	19929707	1	1	0	0	6	32
chr19	19892291	19933833	2	4	0	0	4	43
chr19	20295216	20297830	1	1	1	0	1	4
chr19	20409046	20409829	2	2	1	0	1	4
chr19	20552571	20553708	2	2	1	0	1	4
chr19	20987413	21013287	2	4	0	0	1	27
chr19	21020804	21022788	1	1	1	0	6	10
chr19	21397268	21405128	1	1	1	0	1	29
chr19	21445673	21475319	1	3	0	0	3	26
chr19	21505775	21518574	1	1	0	0	3	20
chr19	21744113	21744940	2	2	1	0	3	42
chr19	21745068	21765693	2	2	1	0	1	16
chr19	21817987	21819094	2	2	1	0	7	16
chr19	22072936	22073468	1	1	1	0	8	20
chr19	23231362	23232166	2	2	1	0	1	20
chr19	23238880	23241005	2	2	0	0	3	27
chr19	32546036	32565604	2	2	0	0	1	38
chr19	34139998	34267935	0	0	0	0	3	42
chr19	34174180	34176080	2	2	0	0	1	44
chr19	34327091	34356254	1	1	0	0	1	21
chr19	35071831	35288114	1	1	0	0	4	39
chr19	35769525	35771073	2	2	0	0	1	44
chr19	36073532	36075054	1	1	1	0	1	3
chr19	36815806	36856637	2	2	0	1	0	25
chr19	37194543	37195275	1	1	0	0	1	15
chr19	37196020	37207039	2	2	1	0	1	3
chr19	37335258	37346887	1	1	1	0	1	3
chr19	37737961	37746624	1	3	0	0	3	27
chr19	37788457	37796166	1	1	0	0	1	40
chr19	37797033	37798785	2	2	0	0	1	31
chr19	37996952	38011227	2	2	0	0	1	37
chr19	38200669	38200801	2	4	0	0	1	39
chr19	38875619	38882578	1	1	0	0	1	26
chr19	40437499	40469725	2	2	0	0	1	25
chr19	40801416	40826563	1	1	0	0	1	45
chr19	40825262	40826095	2	2	1	0	1	8
chr19	40831683	40837976	1	1	0	0	2	32
chr19	44172215	44172859	1	1	1	0	1	33
chr19	44783314	44837239	2	4	0	0	3	45
chr19	44833339	44838998	2	2	0	0	1	21
chr19	45373197	45388547	2	4	0	0	1	18
chr19	45686809	45701370	1	1	0	0	2	22
chr19	45736807	45858750	1	1	0	0	3	44
chr19	45857727	45858750	1	1	0	0	3	44
chr19	46376575	46387092	1	1	0	0	1	40
chr19	46779198	46802795	1	1	0	0	1	34
chr19	47014870	47030254	2	2	0	0	1	46
chr19	47085946	47117284	2	2	0	0	1	25
chr19	47143336	47254705	2	2	0	0	23	46
chr19	47283170	47304332	1	3	0	0	1	27
chr19	48199483	48203843	2	2	0	0	2	39
chr19	49044225	49044576	1	1	1	0	2	23
chr19	49048373	49048724	2	2	1	0	2	23
chr19	49152804	49199491	2	2	0	0	2	33
chr19	49192225	49214255	2	2	0	0	1	41
chr19	49681674	49779272	1	1	0	0	3	22
chr19	49778519	49779272	1	1	0	0	3	22
chr19	49907767	49912399	2	2	0	0	1	33
chr19	50075194	50075398	1	1	1	0	1	11
chr19	50622482	50622686	2	2	1	0	1	11
chr19	52314280	52315833	1	1	1	0	1	21
chr19	52706865	52707468	2	2	1	0	1	32
chr19	52707543	52714014	2	2	0	0	1	42
chr19	52711305	52714014	2	2	1	0	1	42
chr19	52727339	52728729	2	2	0	0	1	44
chr19	52831737	52853087	2	2	0	0	1	45
chr19	52881984	52888126	2	2	1	0	1	21
chr19	52908180	52915195	2	2	1	0	1	21
chr19	53369957	53412751	2	2	0	0	2	41
chr19	55329473	55380660	1	1	0	0	2	42
chr19	55749115	55794732	2	4	0	0	1	27
chr19	55959490	55990595	1	3	0	0	3	41
chr19	57839150	57840837	1	1	1	0	7	47
chr19	57839150	57853775	1	1	0	0	3	33
chr19	57856234	57858575	1	1	1	0	1	42
chr19	57859630	57860131	1	3	0	0	3	27
chr19	57910115	57912059	2	2	1	0	1	42
chr19	57912190	57916378	2	2	1	0	2	8
chr19	58089089	58113100	1	1	0	0	1	39
chr19	58106488	58113100	1	1	0	0	1	39
chr20	2407494	2438627	2	4	0	0	2	47
chr20	2584230	2628887	1	1	0	0	2	29
chr20	2941280	2974202	2	2	0	0	2	32
chr20	3856287	3883831	2	2	0	0	1	46
chr20	5007992	5071822	2	2	0	0	2	20
chr20	15377123	15401270	2	2	0	0	1	39
chr20	25751339	25752562	1	1	1	0	18	32
chr20	25837516	25838134	2	2	0	0	1	40
chr20	26017774	26018392	1	1	0	0	1	40
chr20	28583111	28586298	2	2	1	0	2	32
chr20	29081403	29082601	1	1	1	0	1	10
chr20	29091720	29092500	1	1	1	0	2	37
chr20	29119746	29121207	1	1	0	0	1	37
chr20	29477863	29478021	2	2	0	0	1	42
chr20	29480183	29481357	2	2	1	0	1	24
chr20	29481469	29482453	2	2	1	0	24	45
chr20	29485842	29488098	0	0	1	0	1	44
chr20	29494956	29496149	2	2	1	0	4	46
chr20	29978272	30156564	1	1	0	0	3	45
chr20	30947996	30974334	2	4	0	0	2	39
chr20	32487051	32502692	2	2	0	0	3	30
chr20	32718302	32737267	1	1	0	0	1	14
chr20	32718302	32744723	1	1	0	0	1	14
chr20	33698849	33701128	2	2	0	0	2	30
chr20	33904495	34168842	1	1	0	0	4	39
chr20	34048534	34048641	1	1	0	0	1	29
chr20	34101906	34196405	2	2	0	0	2	41
chr20	34821823	34854172	1	1	0	0	2	44
chr20	35412424	35441335	2	2	0	0	2	44
chr20	35551198	35647968	1	1	0	0	6	31
chr20	35806927	35868183	2	2	0	0	2	40
chr20	36533114	36535527	1	1	0	0	1	15
chr20	39782130	39805283	1	1	0	0	1	41
chr20	43300371	43468780	0	0	0	0	3	42
chr20	43652985	43687984	2	4	0	0	1	29
chr20	47617187	47629561	2	2	0	0	2	46
chr20	50547446	50789380	2	2	0	0	5	38
chr20	51590917	51623567	1	1	0	0	1	46
chr20	51809943	51825366	1	1	0	0	1	39
chr20	51838994	51840195	1	3	0	0	1	27
chr20	55084143	55109924	2	2	0	0	2	41
chr20	56488334	56493148	2	4	0	0	1	29
chr20	63525677	63531206	1	1	0	0	1	26
chr20	63630210	63826507	1	1	0	0	11	46
chr21	6318605	6320871	1	1	1	0	17	41
chr21	6318605	6320882	1	1	1	0	14	36
chr21	6319684	6723060	2	2	0	0	4	44
chr21	6319684	7050129	2	2	0	0	4	44
chr21	6320975	6322599	1	1	1	0	2	40
chr21	6322698	6329530	1	1	1	0	1	21
chr21	6322698	6329547	1	1	1	0	12	41
chr21	6322698	6353085	1	1	1	0	2	21
chr21	6324536	6324782	1	5	0	0	1	16
chr21	6328429	6733158	2	2	0	0	10	40
chr21	6329624	6330865	1	1	1	0	1	24
chr21	6329624	6353085	1	1	1	0	1	16
chr21	6330922	6332408	1	1	1	0	1	14
chr21	6335600	6335714	2	2	0	0	4	45
chr21	6636041	6659502	2	2	1	0	1	16
chr21	6636041	6666428	2	2	1	0	2	21
chr21	6651522	6665039	2	2	1	0	1	10
chr21	6656718	6658204	2	2	1	0	1	14
chr21	6658261	6659502	2	2	1	0	1	24
chr21	6659579	6666428	2	2	1	0	12	41
chr21	6659596	6666428	2	2	1	0	1	21
chr21	6666527	6668151	2	2	1	0	2	40
chr21	6668244	6670521	2	2	1	0	14	36
chr21	6668255	6670521	2	2	1	0	17	41
chr21	6986649	6993498	2	2	1	0	12	41
chr21	6986666	6993498	2	2	1	0	1	21
chr21	6993597	6995221	2	2	1	0	2	40
chr21	6995191	6997591	2	2	1	0	1	38
chr21	6995314	6997591	2	2	1	0	14	36
chr21	6995325	6997591	2	2	1	0	17	41
chr21	7061406	7081048	1	1	1	0	1	31
chr21	7077373	7077889	2	2	0	0	1	41
chr21	7081214	7086967	1	1	1	0	3	23
chr21	7085683	7086967	1	1	1	0	3	28
chr21	7110161	7110480	1	1	1	0	1	27
chr21	7111843	7120462	1	1	0	0	1	45
chr21	7443184	7462826	1	1	1	0	1	31
chr21	7459151	7459667	2	2	0	0	1	41
chr21	7462992	7468745	1	1	1	0	3	23
chr21	7467461	7468745	1	1	1	0	3	28
chr21	7491939	7492258	1	1	1	0	1	27
chr21	7615325	7617320	1	1	1	0	2	18
chr21	7616492	7617320	1	1	1	0	2	32
chr21	7636169	7644788	2	2	0	0	1	45
chr21	7645153	7646031	2	2	1	0	2	43
chr21	7646151	7646470	2	2	1	0	1	27
chr21	7669660	7670944	2	2	1	0	3	28
chr21	7669660	7675413	2	2	1	0	3	23
chr21	7678738	7679254	1	1	0	0	1	41
chr21	8105227	8106055	2	2	1	0	2	32
chr21	8105227	8107222	2	2	1	0	2	18
chr21	8759139	8761275	1	1	1	0	2	18
chr21	9077715	9127488	2	2	1	0	2	27
chr21	9102472	9102571	1	1	0	0	1	37
chr21	10271917	10274238	1	1	0	0	1	27
chr21	17333045	17381597	2	2	0	0	1	35
chr21	22361511	22614923	1	3	0	0	5	43
chr21	31183777	31184187	2	2	0	0	1	32
chr21	31323613	31351849	2	2	0	0	1	43
chr21	33501454	33501767	2	2	0	0	2	13
chr21	33547906	33549256	1	1	0	0	1	45
chr21	34171542	34217913	2	2	0	0	2	39
chr21	36172892	36201957	1	1	0	0	1	32
chr21	36412593	36440108	2	2	0	0	1	46
chr21	37067133	37076827	0	0	0	0	3	31
chr21	37184700	37191819	2	2	0	0	3	41
chr21	44689288	44820727	1	1	0	0	3	39
chr21	44754295	44820727	1	1	0	0	3	39
chr21	46263070	46263204	2	4	0	0	2	16
chr21	46449386	46451432	1	1	0	0	3	38
chr22	11825548	11832760	1	1	1	0	3	34
chr22	11832916	11834727	1	1	1	0	2	25
chr22	11832916	11859235	1	1	1	0	1	6
chr22	11833706	11870863	2	2	0	0	1	44
chr22	11846350	11868678	2	2	1	0	1	3
chr22	11846350	11878919	2	2	1	0	1	3
chr22	12133117	12159437	2	2	1	0	1	6
chr22	12159593	12166829	2	2	1	0	3	34
chr22	12298879	12309647	2	2	1	0	3	46
chr22	12332521	12381855	2	2	0	0	1	22
chr22	16063642	16068559	1	1	0	0	1	19
chr22	16063642	16068733	1	1	0	0	1	19
chr22	17521326	17558782	1	1	0	0	1	27
chr22	17635942	17801385	2	2	0	0	3	46
chr22	18173843	18176771	1	1	1	0	3	46
chr22	18345254	18345334	1	1	1	0	2	31
chr22	18345449	18345752	1	1	1	0	1	21
chr22	18516648	18516951	2	2	1	0	1	21
chr22	18517066	18517146	2	2	1	0	2	31
chr22	18774387	18774467	2	2	1	0	2	31
chr22	18780163	18784122	2	2	0	0	2	31
chr22	20369834	20373866	1	1	0	0	1	45
chr22	20409864	20493844	2	2	0	0	2	41
chr22	20732002	20896571	2	4	0	0	3	40
chr22	21117259	21118203	1	1	1	0	3	31
chr22	21118950	21119668	1	1	1	0	1	11
chr22	21118950	21121938	1	1	1	0	3	7
chr22	21290847	21291565	2	2	1	0	1	11
chr22	21292312	21293256	2	2	1	0	3	31
chr22	21331753	21377083	2	4	0	0	1	38
chr22	21358993	21543044	0	0	0	0	30	45
chr22	21417561	21442758	1	1	1	0	1	8
chr22	21426551	21432502	2	2	0	0	1	36
chr22	21488411	21517324	2	2	0	0	1	18
chr22	21492095	21517324	2	2	1	0	1	8
chr22	21502377	21508331	1	1	0	0	1	36
chr22	21575044	21664309	1	1	0	0	3	39
chr22	21609130	21609444	2	2	0	0	2	41
chr22	21662133	21664304	2	2	0	0	2	42
chr22	21773380	21787876	2	2	0	0	1	36
chr22	21783315	21787876	2	2	0	0	1	36
chr22	23879306	23923619	1	3	0	0	2	27
chr22	23967023	23967385	1	1	1	0	281	46
chr22	23967424	23967453	0	0	0	0	4	38
chr22	23971624	23973104	2	2	1	0	2	33
chr22	23971624	23973553	2	2	0	0	2	42
chr22	23971624	23973767	2	2	1	0	207	44
chr22	23971624	23974306	2	2	0	0	7	20
chr22	23973344	23973767	2	2	1	0	3	11
chr22	23973348	23973767	2	2	1	0	4	8
chr22	23973872	23973901	0	0	0	0	4	36
chr22	23973944	23974306	2	2	1	0	281	46
chr22	24942227	24987403	2	2	0	0	1	22
chr22	24985435	25031291	1	1	0	0	1	45
chr22	28806225	28820359	1	1	0	0	1	43
chr22	29395760	29462250	1	1	0	0	3	41
chr22	30528218	30688086	1	1	0	0	3	43
chr22	31363047	31364753	0	0	0	0	4	43
chr22	37817112	37837773	1	1	0	0	1	46
chr22	37860604	37876530	2	2	0	0	1	46
chr22	38492722	38493422	1	1	0	0	4	20
chr22	38577392	38646494	2	2	0	0	6	46
chr22	39939397	39981898	2	2	0	0	1	27
chr22	40481958	40506131	1	3	0	0	1	45
chr22	40830957	40832086	2	2	1	0	1	41
chr22	41159795	41159928	2	4	0	0	1	45
chr22	41675671	41675978	2	2	0	0	1	42
chr22	41738374	41760094	1	1	0	0	2	46
chr22	41804993	41872172	2	2	0	0	2	38
chr22	41805006	41896076	1	1	0	0	2	25
chr22	43088576	43116689	2	2	0	0	2	39
chr22	44769066	44800336	2	2	0	0	3	41
chr22	50520064	50555986	1	1	0	0	1	32
chrX	688877	713278	2	2	0	0	1	26
chrX	764707	782477	2	2	0	0	9	39
chrX	993430	993984	1	1	1	0	3	30
chrX	1072953	1107501	1	1	0	0	1	39
chrX	1132856	1152859	1	1	0	0	3	23
chrX	1238973	1270808	1	1	0	0	2	23
chrX	1277455	1278192	1	1	0	0	1	19
chrX	1756400	1845024	2	2	0	0	2	45
chrX	7843306	7843497	1	1	1	0	3	28
chrX	7843753	7843812	1	1	1	0	4	26
chrX	7843843	7843992	1	1	0	0	1	30
chrX	7843873	7843992	1	1	1	0	1	12
chrX	7843903	7843962	1	1	1	0	1	13
chrX	8170350	8170541	2	2	1	0	3	28
chrX	14914600	14915433	1	1	1	0	1	47
chrX	16603217	16605522	0	0	0	0	3	38
chrX	33064676	33107098	1	1	0	0	3	34
chrX	35873827	35888059	2	2	0	0	1	39
chrX	41099175	41149936	2	2	0	0	3	21
chrX	44607289	44626371	1	3	0	0	1	27
chrX	44770969	44820978	2	2	0	0	6	41
chrX	48198948	48245119	1	1	0	0	1	38
chrX	48423440	48446991	1	1	0	0	1	42
chrX	48463713	48543819	1	1	0	0	4	35
chrX	51491750	51495950	2	2	1	0	2	24
chrX	51840663	51871500	2	2	0	0	1	40
chrX	51898194	51898284	1	1	1	0	1	41
chrX	51898328	51898580	1	1	1	0	1	41
chrX	52064110	52064628	2	2	0	0	1	15
chrX	52495910	52497315	1	1	1	0	11	42
chrX	52496230	52497315	1	1	1	0	2	20
chrX	52497458	52497984	1	1	1	0	12	46
chrX	52497474	52497984	1	1	1	0	3	26
chrX	52498112	52500701	1	1	1	0	34	47
chrX	52512188	52514777	2	2	1	0	34	47
chrX	52514905	52515415	2	2	1	0	3	26
chrX	52514905	52515431	2	2	1	0	12	46
chrX	52515574	52516659	2	2	1	0	2	20
chrX	52515574	52516979	2	2	1	0	11	42
chrX	52697519	52697983	2	2	1	0	2	3
chrX	52704593	52705127	2	2	1	0	2	3
chrX	52753303	52753837	1	1	1	0	2	3
chrX	52760449	52760913	1	1	1	0	2	3
chrX	52760449	52789695	1	1	1	0	2	3
chrX	53820670	53858476	2	2	0	0	2	30
chrX	63484016	63612208	2	2	0	0	3	43
chrX	65210423	65256956	1	1	0	0	1	13
chrX	65229889	65256956	1	1	0	0	1	13
chrX	66103580	66181985	1	1	0	0	2	19
chrX	66137406	66178358	1	1	0	0	1	47
chrX	68168514	68219790	1	1	0	0	2	38
chrX	68168514	68227765	1	1	0	0	2	38
chrX	69915391	69933466	1	1	0	0	1	46
chrX	71140223	71260162	1	3	0	0	18	45
chrX	71179898	71312545	1	1	0	0	4	38
chrX	71179898	71342985	1	1	0	0	4	38
chrX	72936007	72937619	2	2	0	0	2	41
chrX	76482281	76536465	1	1	0	0	3	38
chrX	76927236	76945985	2	2	0	0	1	39
chrX	77831262	77892139	2	2	0	0	3	41
chrX	77831262	77963845	2	2	0	0	3	41
chrX	81772161	81837965	1	1	0	0	2	40
chrX	85151553	85284391	2	2	0	0	3	31
chrX	85729957	85753147	1	1	0	0	3	31
chrX	101005252	101052849	1	1	0	0	1	41
chrX	101064469	101100503	2	2	0	0	1	38
chrX	101615761	101616671	2	2	1	0	7	45
chrX	102323136	102323669	1	1	1	0	1	31
chrX	102323853	102326262	1	1	1	0	5	20
chrX	102326324	102326469	1	1	1	0	6	40
chrX	102360646	102360791	2	2	1	0	6	40
chrX	102360853	102363262	2	2	1	0	5	20
chrX	102363446	102363979	2	2	1	0	1	31
chrX	103215765	103216148	1	1	1	0	11	28
chrX	103309982	103310357	2	2	1	0	11	28
chrX	103310434	103310859	2	2	1	0	1	22
chrX	103962724	103964227	1	1	1	0	4	43
chrX	103962724	103964505	1	1	1	0	23	45
chrX	103964623	103965538	1	1	1	0	20	44
chrX	104060850	104061682	2	4	1	0	9	40
chrX	104061879	104062078	2	2	1	0	5	30
chrX	104073325	104074240	2	2	1	0	20	44
chrX	104074358	104076139	2	2	1	0	23	45
chrX	118835491	118868806	2	4	0	0	2	22
chrX	119525060	119544747	2	4	0	0	4	27
chrX	120072846	120075899	2	2	1	0	2	42
chrX	120075946	120076876	2	2	1	0	1	26
chrX	120077289	120077473	2	2	1	0	4	43
chrX	120158830	120159014	1	1	1	0	4	43
chrX	120159427	120160357	1	1	1	0	1	26
chrX	120160404	120163457	1	1	1	0	2	42
chrX	122334149	122398031	2	2	0	0	3	43
chrX	123746363	123752786	2	2	0	0	2	44
chrX	123770168	123797077	1	1	0	0	1	24
chrX	123913026	123916515	2	2	0	0	1	45
chrX	123945816	124051822	2	2	0	0	3	39
chrX	123989650	124034941	1	3	0	0	1	27
chrX	129974774	130006730	2	2	0	0	1	28
chrX	129994023	129995242	1	1	0	0	1	46
chrX	131006399	131038241	2	2	0	0	1	16
chrX	135051039	135051605	1	3	0	0	5	28
chrX	135051369	135051916	2	2	1	0	8	33
chrX	135882630	135883007	2	2	1	0	1	38
chrX	135947140	135950211	2	2	0	0	2	14
chrX	137757386	137763190	2	2	0	0	1	46
chrX	138096980	138119630	1	1	0	0	1	19
chrX	141589840	141590486	1	1	1	0	2	33
chrX	149179595	149264880	1	1	0	0	2	20
chrX	149359195	149402188	2	2	0	0	1	39
chrX	149545884	149546738	1	1	1	0	26	41
chrX	149546918	149549415	1	1	1	0	1	37
chrX	149930082	149932588	2	2	1	0	1	37
chrX	149932278	149934033	2	2	0	0	1	30
chrX	149932768	149933621	2	2	1	0	26	41
chrX	149934138	149937432	2	2	1	0	3	18
chrX	149937481	149938141	2	2	1	0	1	28
chrX	149937481	149938192	2	2	1	0	2	36
chrX	149954919	149986428	1	1	0	0	1	33
chrX	152709001	152709460	2	2	1	0	1	35
chrX	154392557	154396648	2	2	0	0	2	17
chrX	154424052	154456684	2	2	0	0	1	43
chrX	154450644	154452438	1	1	0	0	2	39
chrX	154560560	154561687	1	1	1	0	3	33
chrX	154561785	154562809	1	1	1	0	2	36
chrX	154641629	154642653	2	2	1	0	2	36
chrX	154642751	154643878	2	2	1	0	3	33
chrX	154652268	154652496	2	2	1	0	1	8
chrX	155348891	155349581	1	1	1	0	7	39
chrX	155348966	155349581	1	1	1	0	1	8
chrX	155368576	155368718	1	1	0	0	1	36
chrX	155472531	155472673	2	2	0	0	1	36
chrX	155491667	155492281	2	2	1	0	1	8
chrX	155491667	155492356	2	2	1	0	7	39
chrX	155492496	155506897	2	2	1	0	2	36
chrY	688877	713278	2	2	0	0	1	26
chrY	764707	782477	2	2	0	0	9	39
chrY	993430	993984	1	1	1	0	3	30
chrY	1072953	1107501	1	1	0	0	1	39
chrY	1132856	1152859	1	1	0	0	3	23
chrY	1238973	1270808	1	1	0	0	2	23
chrY	1277455	1278192	1	1	0	0	1	19
chrY	1756400	1845024	2	2	0	0	2	45
chrY	4603069	4656375	1	1	0	0	2	44
chrY	20507210	20629276	2	2	0	0	10	28
ML143376.1	310886	335771	2	2	0	0	1	38
MU273366.1	387245	430029	2	4	0	0	1	41
MU273333.1	980797	995245	1	3	0	0	1	44
MU273347.1	17307	42033	1	1	0	0	1	46
MU273347.1	134327	174599	1	1	0	0	1	31
MU273342.1	88635	92761	1	1	1	0	5	40
MU273342.1	92877	93041	1	1	1	0	32	45
MU273342.1	93216	97584	1	1	1	0	11	24
MU273342.1	154632	156295	1	1	1	0	3	29
MU273342.1	156325	156418	1	1	1	0	1	29
MU273342.1	158332	192049	1	1	0	0	3	21
MU273342.1	160043	160135	1	1	1	0	1	7
MU273342.1	160209	161895	1	1	1	0	1	14
MU273342.1	163814	163915	1	1	1	0	2	9
MU273342.1	163989	165675	1	1	1	0	2	12
MU273342.1	169453	169542	1	1	1	0	1	31
MU273342.1	180834	182508	1	1	1	0	2	11
MU273342.1	188313	189998	1	1	1	0	9	29
MU273342.1	190028	190122	1	1	1	0	15	32
MU273342.1	190196	191874	1	1	1	0	18	29
MU273342.1	191904	191997	1	1	1	0	24	31
MU273342.1	192071	193747	1	1	1	0	7	29
MU273342.1	193777	193871	1	1	1	0	2	16
MU273342.1	193945	199503	1	1	1	0	18	47
MU273342.1	193945	199506	1	1	1	0	10	45
MU273342.1	199578	208427	1	1	1	0	51	46
MU273342.1	208522	220559	1	1	0	0	1	34
MU273342.1	208570	215963	1	1	1	0	53	44
MU273342.1	209900	215963	1	1	0	0	3	31
MU273342.1	214594	215963	1	1	0	0	1	32
MU273342.1	216178	218543	1	1	1	0	15	16
MU273342.1	218728	219854	1	1	1	0	12	43
MU273342.1	222327	223841	1	1	1	0	13	43
MU273342.1	223913	224249	1	1	1	0	8	44
MU273342.1	258863	259387	1	3	1	0	1	15
MU273342.1	259484	259575	1	1	1	0	8	27
MU273342.1	259706	260000	1	1	1	0	4	28
MU273342.1	259706	266237	1	1	1	0	6	38
MU273342.1	260222	266237	1	1	1	0	1	22
MU273342.1	397441	397735	2	2	0	0	1	29
MU273342.1	433689	434025	2	2	1	0	8	44
MU273342.1	433689	435611	2	2	1	0	1	27
MU273342.1	434097	435611	2	2	1	0	13	43
MU273342.1	437379	449404	2	2	0	0	1	34
MU273342.1	438084	439210	2	2	1	0	12	43
MU273342.1	439395	441762	2	2	1	0	15	16
MU273342.1	441977	443332	2	2	0	0	1	32
MU273342.1	441977	448026	2	2	0	0	3	31
MU273342.1	441977	449356	2	2	1	0	53	44
MU273342.1	449499	458341	2	2	1	0	44	46
MU273342.1	458413	462330	2	2	0	0	6	13
MU273342.1	458416	462330	2	2	1	0	17	36
MU273342.1	462404	462498	2	2	1	0	7	10
MU273342.1	462528	464198	2	2	1	0	2	12
MU273342.1	464272	464365	2	2	1	0	17	31
MU273342.1	464395	466064	2	2	1	0	6	11
MU273342.1	468015	468109	2	2	1	0	11	32
MU273342.1	468139	469820	2	2	1	0	9	29
MU273342.1	473845	477593	2	2	0	0	1	25
MU273342.1	474307	475449	2	2	0	0	1	12
MU273342.1	475523	475616	2	2	1	0	2	29
MU273342.1	475646	477319	2	2	1	0	1	11
MU273342.1	477512	479198	2	2	1	0	1	12
MU273342.1	479272	479373	2	2	1	0	1	9
MU273342.1	479403	481090	2	2	1	0	1	12
MU273342.1	481164	481256	2	2	1	0	2	29
MU273342.1	481286	482967	2	2	1	0	3	20
MU273342.1	483041	483134	2	2	1	0	7	29
MU273342.1	483164	484829	2	2	1	0	8	29
MU273342.1	486892	510974	2	2	1	0	3	10
MU273342.1	506600	510974	2	2	1	0	8	34
MU273342.1	511149	511314	2	2	1	0	32	45
MU273342.1	511430	515555	2	2	1	0	1	45
MU273374.1	778858	779761	1	1	1	0	1	30
MU273374.1	779941	787767	1	1	1	0	3	46
MU273374.1	846205	846459	1	1	0	0	1	42
MU273374.1	846283	846459	1	1	0	0	1	42
MU273374.1	846361	846459	1	1	0	0	1	42
MU273374.1	846439	846459	1	1	0	0	3	42
MU273374.1	985742	1056175	1	1	0	0	2	45
MU273374.1	1004409	1004471	2	4	0	0	2	28
MU273374.1	1004680	1005060	2	2	1	0	2	32
MU273374.1	1061530	1062444	2	2	1	0	1	30
ML143371.1	3806976	3868787	2	4	0	0	2	27
ML143371.1	3887420	3895664	2	2	0	0	2	26
ML143371.1	4075313	4076564	1	1	0	0	2	23
ML143371.1	4172548	4173799	2	2	0	0	2	23
MU273373.1	239877	285124	1	1	0	0	1	31
MU273373.1	514112	517744	2	4	0	0	1	27
KV575244.1	318166	322952	2	4	0	0	3	21
KV575244.1	359345	375402	1	1	0	0	1	27
KZ208912.1	225849	228009	2	2	0	0	1	24
KZ208915.1	1195152	1196587	2	2	0	0	1	46
KZ208915.1	4508747	4555027	1	3	0	0	1	43
KZ208915.1	5790713	5796570	2	2	1	0	1	3
KV880768.1	76619	81916	1	3	0	0	2	45
KV880768.1	562946	590012	2	2	0	0	2	14
KV880768.1	562946	608344	2	2	0	0	2	14
KV880768.1	975064	998866	2	2	0	0	2	41
KV880768.1	1274247	1284088	2	2	0	0	1	18
KI270905.1	546741	568585	2	2	1	0	1	22
KI270905.1	557641	558272	2	4	0	0	1	26
KI270905.1	866052	887849	1	1	1	0	1	22
KI270905.1	2371047	2371227	1	1	1	0	2	25
KI270905.1	2668257	2671738	2	2	1	0	1	32
KI270850.1	85749	239861	1	1	0	0	7	46
KI270850.1	85762	174424	2	2	0	0	4	47
KI270850.1	111160	114148	2	2	0	0	3	31
KI270850.1	117280	271406	1	1	0	0	7	37
KI270850.1	134505	134886	2	2	1	0	2	5
KI270850.1	144435	189750	1	1	1	0	2	25
KI270850.1	174412	239861	1	1	0	0	7	46
KI270850.1	209161	220910	1	1	1	0	1	33
KI270850.1	222731	223113	1	1	1	0	1	33
KI270850.1	243016	245998	1	1	0	0	3	31
KI270850.1	262562	264557	2	2	1	0	1	9
KI270850.1	266379	266473	2	2	1	0	3	43
KI270853.1	293008	559244	1	1	0	0	9	34
KI270853.1	297387	298935	1	1	0	0	1	36
KI270853.1	299026	299153	2	2	0	0	1	28
KI270853.1	529019	529084	1	1	1	0	1	14
KI270853.1	535374	536865	1	1	1	0	1	19
KI270853.1	537264	537357	1	1	1	0	1	13
KI270853.1	537786	539447	1	1	1	0	1	37
KI270853.1	537786	562296	1	1	0	0	1	40
KI270853.1	539565	550694	1	1	1	0	4	45
KI270853.1	550824	555176	1	1	1	0	14	41
KI270853.1	555306	558925	1	1	1	0	2	14
KI270853.1	650847	652262	2	2	1	0	2	41
KI270853.1	651498	651652	1	3	0	0	1	18
KI270853.1	670533	708519	1	1	0	0	1	17
KI270853.1	671342	671854	2	2	1	0	2	30
KI270853.1	692372	694452	2	2	0	0	1	39
KI270853.1	717653	717711	1	1	0	0	1	24
KI270853.1	717653	717780	1	1	0	0	1	28
KI270853.1	717653	717906	1	1	0	0	1	26
KI270853.1	717666	747836	1	5	0	0	1	31
KI270853.1	717838	717906	1	1	0	0	1	44
KI270853.1	717871	719476	2	2	0	0	1	36
KI270853.1	718118	718910	2	2	1	0	1	44
KI270853.1	718118	719476	2	2	1	0	2	27
KI270853.1	719513	719621	2	2	1	0	2	31
KI270853.1	719683	720697	2	2	1	0	5	15
KI270853.1	720806	723753	2	2	1	0	1	44
KI270853.1	720806	736243	2	2	0	0	2	40
KI270853.1	727927	732086	2	2	1	0	1	12
KI270853.1	728848	729266	2	4	0	0	2	45
KI270853.1	732173	734339	2	2	1	0	2	28
KI270853.1	732364	734339	2	2	0	0	1	43
KI270853.1	734578	736243	2	2	1	0	1	37
KI270853.1	736371	736460	2	2	1	0	1	30
KI270853.1	736672	736765	2	2	1	0	1	13
KI270853.1	737167	738661	2	2	1	0	1	19
KI270853.1	737814	738049	2	4	0	0	1	45
KI270853.1	744931	744996	2	2	1	0	1	14
KI270853.1	753515	753782	2	2	1	0	3	41
KI270853.1	753855	753975	2	2	1	0	1	22
KI270853.1	754048	759678	2	2	1	0	8	45
KI270853.1	779796	780214	1	3	0	0	2	45
KI270853.1	790153	790945	1	1	0	0	1	35
KI270853.1	800493	838495	2	2	0	0	1	17
KI270853.1	814324	837099	1	1	1	0	1	5
KI270853.1	814571	816651	1	1	0	0	1	39
KI270853.1	837174	837686	1	1	1	0	2	30
KI270853.1	856767	858183	1	1	1	0	2	41
KI270853.1	857377	857532	2	4	0	0	1	18
KI270853.1	1022016	1022808	2	2	0	0	1	35
KI270853.1	1022016	1023374	2	2	1	0	8	39
KI270853.1	1023411	1023519	2	2	1	0	4	19
KI270853.1	1023581	1024598	2	2	1	0	1	20
KI270853.1	1024707	1027656	2	2	1	0	2	21
KI270853.1	1027802	1027964	2	2	1	0	3	23
GL383556.1	14574	17304	1	1	1	0	1	35
GL383556.1	27475	30205	2	2	1	0	1	35
GL000258.2	128738	257276	1	1	0	0	3	43
GL000258.2	176443	176808	1	1	0	0	1	39
GL000258.2	331855	341855	1	1	0	0	1	30
GL000258.2	628357	631751	1	1	0	0	1	26
KI270908.1	324166	332027	1	1	1	0	3	46
KI270908.1	958330	978515	1	1	0	0	2	43
KI270857.1	1547762	1587049	2	2	0	0	2	25
KZ208904.1	70715	99355	1	1	0	0	2	28
GL383581.2	105584	105897	2	2	0	0	2	13
KI270879.1	115668	159981	1	3	0	0	2	27
KI270879.1	203386	203748	1	1	1	0	282	46
KI270879.1	203787	203816	0	0	0	0	4	38
KI270879.1	207988	209468	2	2	1	0	2	33
KI270879.1	207988	209917	2	2	0	0	2	42
KI270879.1	207988	210131	2	2	1	0	207	44
KI270879.1	207988	210670	2	2	0	0	7	20
KI270879.1	209708	210131	2	2	1	0	3	11
KI270879.1	209712	210131	2	2	1	0	4	8
KI270879.1	210236	210265	0	0	0	0	4	36
KI270879.1	210308	210670	2	2	1	0	282	46
MU273337.1	174652	183596	1	1	0	0	1	36
MU273337.1	177412	178679	2	2	0	0	2	33
MU273337.1	422469	423002	1	1	0	0	1	38
MU273338.1	62571	209962	1	1	0	0	5	26
MU273340.1	241984	242600	1	1	0	0	1	31
MU273340.1	269622	269878	2	2	1	0	2	7
MU273340.1	269622	270238	2	2	0	0	1	31
MU273340.1	270039	270478	2	2	1	0	1	5
MU273340.1	270589	270833	2	2	1	0	1	19
KI270897.1	141264	145735	1	1	1	0	7	27
KI270897.1	492452	523803	2	2	0	0	4	33
KI270897.1	492452	549186	2	2	0	0	12	46
KI270897.1	492452	651350	2	2	0	0	12	46
KI270897.1	665696	668305	2	2	1	0	1	35
KI270897.1	723423	727896	2	2	1	0	1	11
KI270897.1	723423	748326	2	2	1	0	7	27
GL339449.2	150493	184131	1	1	0	0	2	38
GL339449.2	281171	381756	2	2	0	0	4	43
GL339449.2	345722	348049	1	1	1	0	2	9
GL339449.2	350003	350675	1	1	1	0	2	25
GL339449.2	350716	377669	2	2	0	0	1	30
GL339449.2	350727	351101	1	1	1	0	1	17
GL339449.2	355494	361685	1	1	1	0	11	39
GL339449.2	361777	361994	1	1	1	0	9	44
GL339449.2	362083	362730	1	1	1	0	26	47
GL339449.2	362839	365337	1	1	1	0	17	46
GL339449.2	365402	368557	1	1	1	0	28	45
GL339449.2	368662	369217	1	1	1	0	47	47
GL339449.2	369321	373290	1	1	1	0	86	40
GL339449.2	373331	375041	1	1	1	0	74	42
GL339449.2	486871	936785	2	2	0	0	12	46
GL339449.2	486871	1055931	2	2	0	0	12	46
GL339449.2	621610	625193	2	2	1	0	3	31
GL339449.2	625540	642354	1	1	0	0	1	27
GL339449.2	642067	645654	2	2	1	0	3	31
GL339449.2	911759	915348	1	1	1	0	13	31
GL339449.2	966092	967802	2	2	1	0	74	42
GL339449.2	967843	971777	2	2	1	0	86	40
GL339449.2	971881	972436	2	2	1	0	47	47
GL339449.2	972541	975701	2	2	1	0	28	45
GL339449.2	975766	978266	2	2	1	0	17	46
GL339449.2	978375	979022	2	2	1	0	26	47
GL339449.2	979111	979328	2	2	1	0	7	31
GL339449.2	979420	985595	2	2	1	0	15	39
GL339449.2	989996	990370	2	2	1	0	1	22
GL339449.2	990422	991094	2	2	1	0	3	30
GL339449.2	993048	995375	2	2	1	0	2	9
GL339449.2	1128012	1132484	2	2	1	0	2	36
GL339449.2	1134583	1138154	2	2	1	0	10	30
KI270795.1	93756	101223	2	2	0	0	47	46
KI270898.1	89128	98149	2	2	0	0	47	46
MU273357.1	164035	169541	2	2	0	0	2	39
GL000251.2	3229725	3286536	2	4	0	0	4	24
GL000253.2	1531894	1546416	2	2	0	0	1	43
GL000256.2	1520133	1534655	2	2	0	0	1	43
KZ208913.1	225465	227038	2	2	0	0	2	25
GL000195.1	84240	86517	2	2	1	0	2	24
GL000195.1	84251	86517	2	2	1	0	1	16
GL000195.1	138141	140413	1	1	1	0	1	16
GL000195.1	138141	140424	1	1	1	0	2	24
KI270442.1	118679	153736	2	2	0	0	2	44
KI270728.1	1695964	1697113	1	1	1	0	1	12
KI270728.1	1720409	1721544	0	0	0	0	4	47
KI270728.1	1843149	1843516	1	1	0	0	1	21
KI270728.1	1863418	1864561	2	2	1	0	1	12
KI270743.1	70498	73543	1	1	1	0	1	40
