chr1	1805135	1860609	2	4	0	0	2	27
chr1	1909478	1910248	1	1	1	0	1	46
chr1	8290557	8319804	2	2	0	0	1	46
chr1	8708958	8777579	1	1	0	0	2	27
chr1	8775192	8909612	2	2	0	0	4	31
chr1	8834410	8834738	1	1	0	0	1	22
chr1	8882605	8899862	1	1	0	0	1	38
chr1	9553466	9624907	2	2	0	0	2	41
chr1	9584630	9599485	2	2	0	0	1	41
chr1	9902998	9931494	2	2	0	0	1	23
chr1	9965499	9988760	1	1	0	0	1	25
chr1	10183221	10215406	2	2	0	0	1	46
chr1	10246531	10294654	1	1	0	0	1	46
chr1	10254800	10283129	2	2	0	0	1	43
chr1	10382025	10382235	2	4	1	0	1	30
chr1	10977315	10987131	2	2	0	0	3	42
chr1	10983294	11082004	2	2	0	0	5	46
chr1	12018661	12024567	2	2	0	0	1	24
chr1	12018661	12065236	2	2	0	0	1	24
chr1	14821453	15001401	1	1	0	0	4	32
chr1	15790331	15792836	2	2	1	0	2	14
chr1	15806117	15905805	2	2	0	0	3	41
chr1	16521124	16521563	1	1	1	0	1	14
chr1	16649950	16650073	1	1	1	0	8	46
chr1	16757394	16757517	2	2	1	0	8	46
chr1	16757658	16757753	2	2	1	0	2	38
chr1	16888783	16889215	2	2	1	0	1	14
chr1	17548880	17606524	2	2	0	0	2	33
chr1	19603112	19606527	2	2	0	0	4	43
chr1	19614595	19622099	1	1	1	0	1	18
chr1	23670036	23712398	1	1	0	0	6	46
chr1	25253597	25363177	1	1	0	0	3	43
chr1	25321963	25328897	1	1	1	0	2	42
chr1	25362435	25408820	1	1	0	0	2	36
chr1	25362554	25370466	2	2	1	0	2	42
chr1	25370541	25375348	2	2	1	0	1	42
chr1	25375429	25385710	2	2	1	0	2	43
chr1	25385845	25388975	2	2	1	0	1	10
chr1	26068617	26099258	1	1	0	0	2	46
chr1	26836801	26891939	2	2	0	0	3	46
chr1	27803899	27804323	1	3	0	0	1	39
chr1	27863922	27915819	1	3	0	0	3	27
chr1	28114325	28126547	2	2	1	0	2	3
chr1	28157222	28175008	2	2	0	0	1	35
chr1	28320338	28364680	1	1	0	0	3	43
chr1	28328503	28509336	1	1	0	0	3	20
chr1	28504174	28515219	1	3	0	0	1	39
chr1	28695724	28708916	1	1	0	0	2	41
chr1	28719986	28762174	2	2	0	0	5	43
chr1	31950919	31982402	1	3	0	0	1	27
chr1	32115296	32246517	0	0	0	0	3	44
chr1	32213693	32236678	1	1	0	0	1	47
chr1	32222631	32224033	1	1	1	0	1	14
chr1	32224048	32231377	1	1	0	0	1	14
chr1	32567722	32596299	1	3	0	0	1	46
chr1	35082580	35090154	2	2	0	0	1	44
chr1	35601302	35629031	2	2	0	0	2	42
chr1	36035802	36079708	1	3	0	0	1	47
chr1	38877270	38970105	2	2	0	0	2	16
chr1	38913795	38955254	1	1	0	0	1	43
chr1	39020926	39029058	2	2	0	0	1	26
chr1	39095348	39185076	1	1	0	0	4	46
chr1	39523118	39523854	1	1	0	0	1	28
chr1	39762360	39763091	2	2	0	0	1	28
chr1	39763792	39764622	2	2	1	0	9	29
chr1	40205585	40216395	1	1	0	0	1	45
chr1	42277448	42277582	1	1	0	0	11	46
chr1	43662495	43709733	1	1	0	0	3	44
chr1	43700064	43702655	2	2	1	0	1	11
chr1	44552802	44607721	2	2	0	0	2	46
chr1	45823567	45853584	2	2	0	0	1	19
chr1	46881582	47011926	1	1	0	0	6	29
chr1	46981500	47011926	1	1	0	0	6	29
chr1	47114032	47126080	2	2	0	0	1	44
chr1	51009281	51036885	1	1	0	0	4	38
chr1	61686896	61689009	2	4	0	0	1	27
chr1	62224759	62236826	2	2	0	0	1	46
chr1	65081838	65113937	1	1	0	0	1	39
chr1	83170303	83184920	2	2	0	0	1	16
chr1	91824747	91835613	1	1	0	0	10	46
chr1	93047132	93190258	1	1	0	0	3	23
chr1	96243955	96268867	1	3	0	0	4	30
chr1	96267042	96278649	1	1	0	0	1	24
chr1	100014344	100015048	2	2	0	0	1	42
chr1	100292151	100292533	2	2	0	0	1	41
chr1	102134907	102231424	2	2	0	0	2	18
chr1	102511150	102624495	1	1	0	0	5	46
chr1	103551793	103555033	1	1	1	0	5	41
chr1	103577609	103577719	1	1	1	0	4	20
chr1	103577846	103579310	1	1	1	0	7	44
chr1	103623985	103624095	1	1	1	0	1	4
chr1	103639971	103642503	1	1	0	0	1	31
chr1	103662776	103662885	1	1	1	0	3	20
chr1	103663012	103664330	1	1	1	0	7	44
chr1	103687639	103688957	2	2	1	0	7	44
chr1	103689084	103689193	2	2	1	0	4	20
chr1	103696444	103704288	0	0	0	0	5	35
chr1	103709469	103712001	2	2	0	0	1	31
chr1	108798647	108817737	2	2	0	0	3	46
chr1	112997329	113038180	2	2	0	0	1	46
chr1	113052289	113179733	1	1	0	0	4	39
chr1	120070012	120076267	1	1	1	0	1	5
chr1	120278037	120319190	1	1	1	0	5	35
chr1	120579195	120620354	2	2	1	0	5	35
chr1	120717306	120723564	2	2	1	0	1	5
chr1	144339372	144339787	1	1	0	0	2	47
chr1	144414447	144417030	1	1	0	0	1	45
chr1	144626731	144627146	2	2	0	0	2	47
chr1	145852755	145853284	2	4	0	0	1	31
chr1	146001095	146263207	1	1	0	0	5	33
chr1	146004985	146128632	0	0	0	0	3	45
chr1	146252153	146263207	1	1	0	0	6	46
chr1	146378420	146464035	2	2	0	0	2	43
chr1	146985757	146986351	1	1	1	0	2	42
chr1	146986525	146987233	1	1	1	0	2	42
chr1	146987286	146987953	1	1	1	0	3	42
chr1	146988950	146989573	1	1	1	0	1	23
chr1	146988950	146992711	1	1	0	0	1	23
chr1	146989637	146991994	1	1	0	0	1	26
chr1	146990518	146991112	1	1	1	0	2	42
chr1	146991286	146991994	1	1	1	0	2	42
chr1	146992047	146992711	1	1	1	0	4	42
chr1	146994914	146995994	1	1	0	0	1	46
chr1	148024720	148025776	1	1	1	0	1	11
chr1	148702897	148713990	1	1	0	0	5	33
chr1	148827487	148915380	2	2	0	0	2	39
chr1	148868623	148870167	1	1	1	0	3	18
chr1	148884701	148905853	2	2	0	0	1	36
chr1	148889530	148889783	1	1	1	0	1	29
chr1	148889895	148929196	1	1	1	0	1	45
chr1	148905327	148922730	1	1	0	0	18	41
chr1	148929274	148931799	1	1	1	0	1	6
chr1	149190532	149197995	2	2	1	0	5	33
chr1	149198172	149198360	2	2	1	0	1	31
chr1	149198485	149201013	2	2	1	0	1	6
chr1	149201091	149240376	2	2	1	0	11	45
chr1	149240488	149240741	2	2	1	0	1	29
chr1	149260095	149261639	2	2	1	0	3	18
chr1	149833115	149834134	1	1	1	0	3	38
chr1	149833508	149835357	2	2	0	0	3	33
chr1	149833856	149834134	1	1	0	0	1	15
chr1	149833865	149834134	1	1	1	0	11	41
chr1	149834207	149834390	2	2	0	0	4	27
chr1	149835099	149835571	1	1	0	0	1	28
chr1	149835818	149835949	2	4	0	0	1	26
chr1	149842498	149851463	0	0	0	0	4	41
chr1	149857871	149858002	1	3	0	0	1	26
chr1	149858249	149858717	2	2	0	0	1	28
chr1	149858463	149860308	1	1	0	0	3	33
chr1	149859433	149859616	0	0	0	0	4	34
chr1	149859682	149859951	2	2	1	0	11	41
chr1	149859682	149859960	2	2	0	0	1	15
chr1	150024923	150035018	2	2	0	0	2	28
chr1	150245777	150301120	1	1	0	0	2	38
chr1	150311443	150324011	2	2	0	0	1	40
chr1	150950109	150959947	2	4	0	0	2	43
chr1	151076937	151100420	1	1	0	0	1	45
chr1	151446692	151447307	1	1	0	0	3	33
chr1	151674919	151794025	2	2	0	0	6	26
chr1	153999968	154031232	1	1	0	0	1	26
chr1	154184286	154274495	2	2	0	0	3	12
chr1	154205952	154281128	2	2	0	0	2	37
chr1	154252512	154281110	2	2	0	0	1	46
chr1	154374234	154388695	1	1	0	0	1	37
chr1	155296594	155341424	2	2	0	0	1	37
chr1	155414424	155449633	2	2	0	0	1	45
chr1	155551446	155576800	1	1	0	0	1	46
chr1	155919115	155919401	2	4	0	0	2	45
chr1	156187478	156197543	1	1	0	0	1	40
chr1	159445066	159458854	2	2	0	0	1	21
chr1	167445069	167471014	1	1	0	0	1	16
chr1	174694321	174843348	1	1	0	0	3	39
chr1	182757011	182758775	2	2	0	0	2	36
chr1	200559837	200560353	2	2	0	0	1	32
chr1	200670618	200690308	1	1	1	0	1	46
chr1	201857731	201882367	1	1	0	0	2	31
chr1	201862356	201862703	1	3	0	0	1	18
chr1	203688069	203863362	1	3	0	0	3	27
chr1	225786986	225789239	1	1	1	0	3	9
chr1	226080230	226084832	1	1	0	0	1	21
chr1	226084373	226084832	1	1	0	0	1	21
chr1	226267396	226284696	2	4	0	0	1	27
chr1	235066574	235095442	2	2	0	0	2	45
chr1	235072013	235103696	1	1	0	0	3	32
chr1	240478320	240510342	2	4	0	0	3	28
chr1	245303431	245470662	2	2	0	0	12	46
chr1	246685555	246810498	2	2	0	0	12	45
chr1	246929839	246938221	1	1	0	0	1	44
chr1	246929839	246940565	1	1	0	0	1	44
chr1	246929975	247006532	2	2	0	0	2	45
chr2	9162187	9196284	2	4	0	0	3	27
chr2	11607014	11641718	2	2	0	0	2	46
chr2	23961747	23973219	0	0	0	0	3	39
chr2	24395765	24445580	2	2	0	0	3	39
chr2	24681803	24692948	2	2	0	0	1	46
chr2	24916469	24964205	1	1	0	0	2	41
chr2	27474039	27670093	2	2	0	0	3	46
chr2	28872543	28909343	1	3	0	0	9	41
chr2	32283800	32313449	2	2	0	0	1	32
chr2	32301946	32315983	2	2	0	0	1	33
chr2	37113471	37126929	2	4	0	0	1	28
chr2	42449603	42548771	0	0	0	0	6	31
chr2	48291644	48294687	1	1	0	0	1	46
chr2	61528047	61529109	2	4	0	0	1	35
chr2	64729124	64735980	2	4	0	0	2	46
chr2	65434113	65440282	2	2	0	0	1	38
chr2	65550856	65553251	2	2	0	0	1	46
chr2	69971090	69995311	2	2	1	0	1	3
chr2	83774281	83915027	2	2	0	0	3	21
chr2	84979905	85072445	2	2	0	0	3	32
chr2	85356668	85361714	1	1	0	0	7	46
chr2	85559076	85559637	2	2	0	0	1	37
chr2	86741070	86751895	1	1	1	0	2	14
chr2	87052993	87055657	2	2	1	0	1	8
chr2	97113937	97118063	1	1	1	0	1	24
chr2	97118179	97118343	1	1	1	0	23	44
chr2	97118518	97122886	1	1	1	0	1	7
chr2	97179934	97181597	1	1	1	0	1	18
chr2	97183634	97217351	1	1	0	0	3	21
chr2	97189291	97190977	1	1	1	0	1	11
chr2	97191007	97213541	1	1	0	0	1	29
chr2	97192509	97196244	2	2	0	0	5	34
chr2	97202394	97204067	1	1	1	0	1	11
chr2	97204097	97204190	1	1	1	0	1	29
chr2	97211742	97213418	1	1	1	0	3	11
chr2	97213448	97213541	1	1	1	0	4	29
chr2	97213615	97215300	1	1	1	0	12	29
chr2	97213615	97215424	1	1	0	0	1	41
chr2	97215330	97215424	1	1	1	0	11	29
chr2	97215498	97217176	1	1	1	0	10	29
chr2	97217206	97217299	1	1	1	0	14	32
chr2	97217373	97219049	1	1	1	0	8	22
chr2	97219079	97219173	1	1	1	0	2	10
chr2	97219247	97224805	1	1	1	0	7	35
chr2	97219247	97224808	1	1	1	0	36	44
chr2	97224880	97233729	1	1	1	0	41	42
chr2	97224880	97241265	1	1	0	0	1	32
chr2	97233824	97241265	1	1	0	0	4	26
chr2	97233872	97235124	1	1	0	0	1	37
chr2	97233872	97241265	1	1	1	0	67	44
chr2	97235202	97241265	1	1	0	0	1	27
chr2	97241341	97241399	1	1	0	0	1	22
chr2	97241480	97243845	1	1	1	0	8	14
chr2	97244030	97245156	1	1	1	0	2	16
chr2	97246072	97247475	1	1	1	0	4	28
chr2	97249215	97249551	1	1	1	0	11	40
chr2	97284165	97284700	1	3	1	0	1	5
chr2	97284786	97284877	1	1	1	0	6	19
chr2	97285008	97285302	1	1	1	0	1	28
chr2	97285008	97291539	1	1	1	0	9	30
chr2	97285365	97285464	1	1	1	0	2	30
chr2	97285524	97291539	1	1	1	0	3	39
chr2	97416406	97422438	2	2	1	0	3	39
chr2	97416406	97422954	2	2	1	0	9	30
chr2	97422660	97422954	2	2	1	0	1	28
chr2	97423085	97423176	2	2	1	0	6	19
chr2	97423262	97423797	2	4	1	0	1	5
chr2	97423273	97423801	2	4	1	0	3	9
chr2	97507658	97507994	2	2	1	0	11	40
chr2	97509734	97511137	2	2	1	0	4	28
chr2	97512053	97513179	2	2	1	0	2	16
chr2	97513364	97515731	2	2	1	0	8	14
chr2	97515946	97521995	2	2	0	0	1	27
chr2	97515946	97523325	2	2	1	0	67	44
chr2	97515946	97523373	2	2	0	0	4	26
chr2	97515946	97532310	2	2	0	0	1	32
chr2	97523468	97532310	2	2	1	0	25	42
chr2	97532382	97536299	2	2	0	0	1	20
chr2	97532385	97536299	2	2	1	0	5	35
chr2	97536373	97536467	2	2	1	0	1	10
chr2	97536497	97538167	2	2	1	0	11	20
chr2	97538241	97538334	2	2	1	0	15	30
chr2	97538364	97540033	2	2	1	0	7	29
chr2	97540230	97541910	2	2	1	0	1	20
chr2	97541984	97542078	2	2	1	0	11	29
chr2	97541984	97543789	2	2	0	0	1	41
chr2	97542108	97543789	2	2	1	0	12	29
chr2	97543863	97543956	2	2	1	0	4	29
chr2	97543986	97545665	2	2	1	0	3	11
chr2	97545739	97549585	2	2	0	0	2	29
chr2	97549492	97549585	2	2	1	0	1	22
chr2	97549615	97551288	2	2	1	0	3	29
chr2	97551481	97553167	2	2	1	0	1	12
chr2	97553241	97553342	2	2	1	0	1	9
chr2	97555133	97555225	2	2	1	0	1	29
chr2	97555255	97556936	2	2	1	0	1	11
chr2	97557010	97557103	2	2	1	0	1	32
chr2	97560861	97584943	2	2	1	0	1	12
chr2	97580569	97584943	2	2	1	0	5	31
chr2	97585118	97585283	2	2	1	0	23	44
chr2	97585399	97589524	2	2	1	0	2	38
chr2	100297272	100307063	1	1	0	0	1	14
chr2	105360634	105372502	1	3	0	0	2	13
chr2	106288197	106290257	2	2	0	0	3	19
chr2	106378825	106401655	2	2	0	0	1	16
chr2	109903413	109914410	1	1	1	0	1	39
chr2	109920347	109921639	1	1	1	0	10	32
chr2	109921689	109924347	1	1	1	0	13	39
chr2	109995715	109995754	1	1	0	0	1	23
chr2	109995755	109996114	1	1	0	0	2	40
chr2	109995795	109996114	1	1	0	0	2	40
chr2	109995955	109996114	1	1	0	0	2	40
chr2	109996075	109996114	1	1	0	0	2	40
chr2	110156482	110160126	2	2	1	0	3	5
chr2	110375276	110375475	2	2	0	0	10	46
chr2	110375276	110375555	2	2	0	0	9	46
chr2	110375276	110375595	2	2	0	0	9	46
chr2	110375276	110375635	2	2	0	0	10	46
chr2	110375676	110375715	2	2	0	0	1	31
chr2	110447161	110449818	2	2	1	0	16	39
chr2	110449868	110451160	2	2	1	0	10	32
chr2	110457097	110468094	2	2	1	0	1	39
chr2	134991087	135011322	1	1	0	0	1	31
chr2	151433575	151442195	2	2	0	0	1	35
chr2	171738956	171741888	2	4	0	0	1	21
chr2	171863499	171904976	2	2	0	0	1	27
chr2	179064457	179090682	1	1	0	0	2	26
chr2	197394107	197436886	2	2	0	0	1	45
chr2	203143952	203144085	2	4	0	0	1	45
chr2	206049919	206091269	1	1	0	0	1	46
chr2	208224220	208374590	2	2	0	0	7	40
chr2	211661969	211678896	1	3	0	0	1	44
chr2	227401068	227418975	1	1	0	0	2	23
chr2	236225167	236268839	1	1	0	0	4	26
chr3	5021238	5064906	2	4	0	0	1	27
chr3	6428732	6485138	2	2	0	0	2	41
chr3	11665346	11750128	2	2	0	0	3	46
chr3	13252965	13276320	2	2	0	0	3	16
chr3	33433106	33471801	1	3	0	0	1	27
chr3	41737601	41778569	2	2	0	0	1	44
chr3	45655002	45698632	2	2	0	0	1	42
chr3	47685665	47822591	2	4	0	0	3	21
chr3	47712168	47759872	1	1	0	0	4	32
chr3	47786791	47828556	1	1	0	0	1	27
chr3	49019307	49019710	1	1	0	0	1	44
chr3	49356981	49378023	2	2	0	0	1	22
chr3	49761190	49761488	2	2	0	0	3	39
chr3	50080924	50087931	2	2	0	0	1	46
chr3	50313232	50339560	1	1	0	0	3	44
chr3	66084168	66085030	1	1	1	0	1	5
chr3	71085825	71115831	1	1	0	0	1	20
chr3	72902985	72915123	2	4	0	0	1	24
chr3	88827289	88854523	1	1	0	0	3	22
chr3	113622337	113652828	1	1	0	0	1	29
chr3	119693699	119716822	2	2	0	0	1	32
chr3	120578071	120583548	2	2	0	0	3	31
chr3	121513538	121528887	1	1	0	0	1	20
chr3	155756095	155801982	2	2	0	0	3	38
chr3	155794212	155801982	2	2	0	0	3	38
chr3	155862914	155873729	1	1	0	0	5	20
chr3	155862914	155931280	1	1	0	0	5	20
chr3	166536476	166537806	1	1	0	0	1	46
chr3	177267747	177295790	2	2	0	0	1	12
chr3	179740849	179782827	2	2	0	0	1	45
chr3	181733973	181879023	1	1	0	0	3	42
chr3	183521782	183522298	2	4	1	0	1	27
chr3	184425239	184452086	1	1	0	0	1	43
chr3	194299865	194408266	2	2	0	0	3	24
chr3	194410200	194416199	2	2	0	0	1	20
chr3	194664701	194759358	1	1	0	0	3	46
chr3	195638753	195639532	1	1	1	0	1	36
chr3	195641636	195641816	2	2	0	0	1	24
chr3	195661842	195662570	1	1	1	0	2	17
chr3	195662734	195663623	1	1	1	0	1	14
chr3	195666215	195668143	1	1	1	0	1	3
chr3	195668642	195671131	1	1	1	0	2	42
chr3	195671301	195677726	1	1	0	0	2	16
chr3	195672680	195673817	1	1	1	0	3	39
chr3	195673988	195677726	1	1	1	0	1	6
chr3	195681302	195681535	1	1	1	0	2	41
chr3	195681667	195683751	1	1	1	0	1	42
chr3	195683866	195685817	1	1	1	0	4	44
chr3	195686260	195701230	1	1	1	0	2	4
chr3	195946976	196006487	2	2	0	0	3	23
chr3	195947836	195948012	1	1	0	0	1	24
chr3	195963422	195965428	2	2	1	0	3	38
chr3	195965543	195967513	2	2	1	0	8	33
chr3	195967645	195967878	2	2	1	0	2	41
chr3	195971445	195974396	2	2	1	0	1	6
chr3	195971445	195977082	2	2	0	0	2	16
chr3	195974567	195975704	2	2	1	0	3	39
chr3	195977252	195979743	2	2	1	0	2	42
chr3	195979867	195982161	2	2	1	0	1	31
chr3	195984738	195985626	2	2	1	0	1	14
chr3	195985790	195986518	2	2	1	0	2	17
chr3	196052672	196061720	2	2	0	0	4	37
chr3	196153255	196171673	2	2	0	0	1	46
chr3	196801769	196860763	1	1	0	0	2	31
chr3	197786211	197813625	1	1	0	0	2	45
chr4	59557	60057	1	1	1	0	1	28
chr4	437512	472574	2	2	1	0	2	26
chr4	444433	472574	2	2	1	0	3	26
chr4	472702	473980	2	2	1	0	4	38
chr4	472702	497126	2	2	0	0	2	42
chr4	1707005	1876922	1	1	0	0	3	46
chr4	2524755	2555776	2	2	0	0	1	47
chr4	2978875	2979495	2	2	0	0	1	43
chr4	9122250	9130808	1	1	0	0	2	20
chr4	17031325	17108239	1	1	0	0	3	39
chr4	25585224	25590761	1	1	0	0	1	35
chr4	39773796	39791497	2	2	0	0	2	17
chr4	39979533	39993152	2	2	0	0	3	46
chr4	40651960	40667635	1	1	0	0	2	44
chr4	49254661	49257493	1	1	1	0	1	3
chr4	56885604	56891728	1	1	0	0	3	39
chr4	73981292	73981416	2	2	1	0	1	22
chr4	75749986	75837006	2	2	0	0	2	40
chr4	82871545	82887827	1	1	0	0	1	23
chr4	88875385	88903869	2	2	0	0	1	20
chr4	88876250	88925652	2	2	0	0	3	22
chr4	94523876	94549793	1	1	1	0	6	18
chr4	109474552	109477023	1	1	0	0	1	39
chr4	109677969	109678102	2	2	0	0	1	44
chr4	112771158	112778014	1	3	0	0	1	27
chr4	160706108	160748613	2	4	0	0	4	40
chr4	182397324	182437720	2	2	0	0	1	45
chr4	188306383	188333383	1	3	0	0	1	28
chr4	188500783	188542702	2	2	0	0	4	46
chr4	188891960	188968294	2	2	0	0	2	46
chr5	7107495	7176480	1	1	0	0	4	40
chr5	14986456	15036439	2	2	0	0	1	38
chr5	16711569	16723169	1	1	0	0	13	46
chr5	16826084	16856485	1	1	0	0	1	20
chr5	17010087	17250836	2	2	0	0	4	44
chr5	17235495	17250836	2	2	0	0	4	44
chr5	36812707	36852345	2	2	0	0	1	32
chr5	41210199	41225933	2	2	0	0	3	42
chr5	54005649	54071756	1	1	0	0	4	46
chr5	69819621	69820939	1	1	0	0	2	32
chr5	69850165	69873663	1	1	1	0	1	19
chr5	69873698	69875163	1	1	1	0	1	34
chr5	69916256	69920731	1	1	1	0	2	19
chr5	69920866	69975737	1	1	1	0	1	5
chr5	69920868	69924474	1	1	1	0	3	8
chr5	69924438	69924525	1	1	1	0	1	34
chr5	69959174	69961140	2	2	0	0	2	32
chr5	69975853	69978463	1	1	1	0	3	35
chr5	70139721	70142330	2	2	1	0	3	35
chr5	70142446	70197256	2	2	1	0	1	5
chr5	70193597	70193684	2	2	1	0	1	34
chr5	70193648	70197254	2	2	1	0	3	8
chr5	70197391	70201867	2	2	1	0	1	10
chr5	70314038	70315357	2	2	0	0	2	32
chr5	70420338	70421279	1	1	1	0	2	7
chr5	70421344	70449961	1	3	0	0	2	23
chr5	70422924	70423298	1	1	1	0	2	24
chr5	70434267	70434914	1	1	1	0	2	11
chr5	70437595	70445482	1	1	0	0	3	40
chr5	70441519	70444090	1	1	0	0	1	24
chr5	70441519	70444552	1	1	0	0	2	40
chr5	70441519	70445482	1	1	1	0	140	40
chr5	70441557	70445482	1	1	1	0	1	40
chr5	70445523	70447233	1	1	1	0	123	41
chr5	70446724	70447233	1	1	0	0	3	17
chr5	70453551	70454040	1	1	0	0	3	20
chr5	70481539	70495023	2	2	1	0	4	11
chr5	70481539	70516307	2	2	1	0	4	11
chr5	70555374	70556839	2	2	1	0	1	34
chr5	70556874	70580371	2	2	1	0	1	19
chr5	70799487	70799574	1	1	1	0	1	34
chr5	70834246	70836221	2	2	0	0	2	32
chr5	70850925	70853535	1	1	1	0	3	35
chr5	71030172	71032136	1	1	0	0	1	35
chr5	71033064	71061701	2	4	0	0	2	23
chr5	71035685	71059689	2	2	1	0	3	45
chr5	71035797	71037506	2	2	1	0	122	41
chr5	71037547	71038428	2	2	0	0	1	21
chr5	71037547	71041521	2	2	1	0	140	40
chr5	71037547	71045443	2	2	0	0	3	40
chr5	71038482	71041521	2	2	0	0	4	40
chr5	71038943	71041521	2	2	0	0	1	24
chr5	71041618	71042251	2	6	0	0	1	19
chr5	71048114	71048761	2	2	1	0	2	11
chr5	71059745	71060119	2	2	1	0	4	30
chr5	71061766	71062707	2	2	1	0	2	7
chr5	71140035	71142644	2	2	1	0	3	35
chr5	79193379	79226723	2	4	0	0	1	28
chr5	98240184	98267151	2	2	0	0	1	29
chr5	103003150	103005153	1	1	1	0	3	23
chr5	103810690	103832869	1	1	0	0	1	38
chr5	119889815	119958060	2	4	0	0	3	45
chr5	126746915	126773028	1	1	0	0	1	20
chr5	126956575	126971378	1	1	0	0	1	40
chr5	130789614	130929642	2	2	0	0	5	22
chr5	131141406	131179742	2	4	0	0	1	26
chr5	131159612	131162028	2	2	1	0	3	9
chr5	131232496	131276209	1	3	0	0	1	41
chr5	132977374	132986166	1	3	0	0	1	27
chr5	134321904	134330589	2	2	0	0	1	37
chr5	134616219	134627921	2	2	0	0	1	36
chr5	134652670	134680414	2	2	0	0	1	38
chr5	140062937	140074651	2	4	0	0	3	27
chr5	142416064	142419878	1	1	0	0	1	39
chr5	145415336	145418782	1	1	0	0	1	24
chr5	146163512	146205844	2	2	0	0	2	14
chr5	146221003	146259758	1	1	0	0	2	46
chr5	157504905	157605021	1	1	0	0	3	46
chr5	160114434	160115112	2	4	0	0	1	25
chr5	171352099	171385223	1	1	0	0	1	31
chr5	172941976	173017611	1	1	0	0	2	30
chr5	173077428	173117906	2	2	0	0	1	16
chr5	173166916	173176667	2	2	0	0	1	46
chr5	177148200	177190361	2	2	0	0	1	16
chr5	177481095	177481691	2	4	0	0	1	30
chr5	177954592	177963613	2	2	0	0	121	46
chr5	179576466	179580287	1	1	0	0	1	28
chr5	180217727	180550325	2	2	0	0	6	36
chr5	180372629	180412537	1	1	0	0	2	46
chr5	180426443	180430452	1	1	0	0	1	17
chr5	181247547	181249958	1	1	0	0	1	31
chr5	181256860	181260000	2	2	1	0	1	9
chr5	181262374	181442831	0	0	0	0	33	47
chr6	3003790	3004494	1	1	1	0	1	7
chr6	5236462	5260647	2	2	0	0	1	38
chr6	10517695	10520194	2	2	0	0	2	45
chr6	13328899	13329724	1	1	1	0	2	6
chr6	17598989	17606295	1	1	0	0	2	30
chr6	21231707	21232284	1	3	0	0	1	31
chr6	21869151	21944870	2	2	0	0	2	34
chr6	26534264	26559527	1	1	0	0	2	41
chr6	26723154	26723553	1	1	1	0	1	16
chr6	26778133	26778533	2	2	1	0	1	16
chr6	27337934	27340967	1	1	0	0	1	34
chr6	27549255	27563502	1	1	0	0	1	39
chr6	33470654	33496005	2	2	0	0	11	46
chr6	33470654	33561496	2	2	0	0	3	39
chr6	34262227	34407184	1	1	0	0	3	35
chr6	34381860	34444975	1	1	0	0	2	46
chr6	34418425	34421729	2	2	1	0	3	26
chr6	34421808	34424668	2	2	1	0	10	34
chr6	34424841	34425071	2	2	1	0	29	40
chr6	34425222	34426031	2	2	1	0	26	43
chr6	34938775	34962572	1	1	0	0	1	46
chr6	38541524	38545564	1	1	0	0	3	41
chr6	42035600	42081601	2	2	0	0	1	46
chr6	42111515	42184323	2	2	0	0	9	46
chr6	42668037	42671043	1	3	0	0	1	31
chr6	42675742	42684358	2	2	0	0	1	45
chr6	42808214	42826316	2	2	0	0	1	37
chr6	42909362	42918877	2	4	0	0	2	36
chr6	43000167	43092093	2	2	0	0	3	46
chr6	43022281	43082359	1	1	0	0	2	37
chr6	43098342	43100355	2	4	0	0	1	27
chr6	43538990	43539262	2	4	0	0	1	30
chr6	43651798	43701775	2	2	0	0	2	42
chr6	61207467	61248167	1	1	0	0	1	44
chr6	73539862	73585123	1	1	0	0	1	38
chr6	76081580	76083803	1	1	0	0	1	45
chr6	81069641	81079210	2	2	0	0	1	29
chr6	87376269	87422524	1	1	0	0	1	42
chr6	110885344	110961381	2	2	0	0	2	43
chr6	120725263	120806061	1	1	0	0	2	45
chr6	121451030	121456674	1	1	0	0	1	46
chr6	121953834	121980750	2	2	0	0	2	46
chr6	131325786	131341263	2	2	0	0	1	38
chr6	138896180	138896894	2	2	0	0	1	47
chr6	139252761	139284298	1	1	0	0	1	43
chr6	149945573	149946371	1	1	1	0	2	25
chr6	149946654	149947319	1	1	1	0	8	31
chr6	149947452	149948722	1	1	1	0	15	44
chr6	150001669	150005072	2	2	1	0	1	20
chr6	150018856	150020107	2	2	1	0	3	7
chr6	150020240	150020904	2	2	1	0	8	31
chr6	150021187	150021979	2	2	1	0	2	25
chr6	158365565	158415437	2	4	0	0	1	44
chr7	1146205	1146901	2	2	0	0	1	46
chr7	2282895	2302015	1	1	0	0	2	27
chr7	4661051	4740067	1	1	0	0	3	34
chr7	5095523	5108552	1	1	0	0	1	39
chr7	5468261	5489358	1	3	0	0	2	37
chr7	5923963	5925631	1	1	1	0	1	18
chr7	6741376	6748724	2	2	0	0	2	20
chr7	6799280	6800947	2	2	1	0	1	18
chr7	19684503	19878810	1	1	0	0	5	38
chr7	27642868	27643215	1	1	0	0	1	44
chr7	30265270	30518433	2	4	0	0	4	27
chr7	39918339	39932909	1	1	0	0	1	43
chr7	55631830	55661080	2	2	0	0	3	37
chr7	55834878	55882657	2	2	0	0	1	46
chr7	55854622	55947131	1	1	0	0	5	41
chr7	56011234	56011543	2	2	1	0	3	33
chr7	56011870	56015022	2	2	1	0	2	13
chr7	56015172	56017233	2	2	1	0	1	18
chr7	56017380	56019599	2	2	1	0	1	37
chr7	56068080	56075907	1	1	0	7	0	27
chr7	56300292	56342367	1	1	0	0	1	43
chr7	63635097	63788789	2	2	0	0	3	46
chr7	64404524	64470730	1	1	0	0	4	33
chr7	64404524	64575716	1	1	0	0	4	33
chr7	64543803	64544305	2	2	1	0	1	13
chr7	64815045	64815571	1	1	1	0	1	45
chr7	64917708	64918196	1	1	1	0	1	13
chr7	65146652	65146716	1	1	0	0	1	39
chr7	65549298	65549357	2	2	0	0	1	39
chr7	65877529	65899794	1	1	0	0	2	31
chr7	66229343	66234905	2	2	0	0	1	46
chr7	66229343	66248745	2	2	0	0	1	46
chr7	66560676	66573384	2	2	1	0	3	39
chr7	66805397	66808885	1	1	1	0	2	33
chr7	72709454	72748055	1	1	0	0	3	41
chr7	72995629	72998675	2	2	0	0	1	12
chr7	73571583	73684748	2	2	0	0	3	47
chr7	73586415	73630325	2	2	0	0	1	15
chr7	73759198	73773393	1	1	0	0	2	44
chr7	74106543	74142983	2	2	0	0	1	44
chr7	74547631	74709864	1	1	0	0	3	42
chr7	74609154	74701695	2	2	0	0	3	29
chr7	74699068	74760473	0	0	0	0	3	39
chr7	74728897	74730228	1	1	1	0	1	30
chr7	74730259	74732531	1	1	0	0	1	12
chr7	74733982	74735460	1	1	1	0	2	20
chr7	74735533	74736499	1	1	1	0	1	18
chr7	74738104	74743448	1	1	1	0	4	30
chr7	74743521	74744757	1	1	1	0	5	30
chr7	74744942	74745882	1	1	1	0	1	1
chr7	74746412	74748014	1	1	1	0	2	9
chr7	74748117	74749024	1	1	1	0	8	45
chr7	74749072	74760175	2	2	0	0	3	36
chr7	74749091	74749267	1	1	1	0	2	22
chr7	74751417	74752089	1	1	1	0	1	17
chr7	74752171	74753093	1	1	1	0	5	34
chr7	74753178	74753845	1	1	1	0	1	34
chr7	74754030	74755508	1	1	1	0	25	29
chr7	74755538	74756819	1	1	1	0	25	29
chr7	74756862	74757958	1	1	1	0	6	42
chr7	74756862	74760521	1	1	0	0	2	13
chr7	74758001	74758779	1	1	1	0	4	33
chr7	74758856	74759547	1	1	1	0	29	46
chr7	74758856	74759831	1	1	0	0	3	28
chr7	74758856	74760099	1	1	0	0	1	21
chr7	74759604	74759831	1	1	0	0	1	37
chr7	74759904	74760441	2	2	0	0	1	42
chr7	74805867	74868057	2	2	0	0	2	35
chr7	74832944	74836279	2	2	1	0	1	43
chr7	74876540	74953719	2	2	0	0	2	23
chr7	74878045	74880326	2	4	0	0	2	27
chr7	74890847	74894117	1	1	1	0	1	44
chr7	74891010	74891255	1	1	1	0	2	37
chr7	74891010	74894117	1	1	1	0	2	37
chr7	74894258	74896145	1	1	1	0	14	30
chr7	74896512	74897476	1	1	1	0	1	6
chr7	74897836	74900797	1	1	1	0	2	29
chr7	74897836	74900886	1	1	1	0	6	39
chr7	74900976	74905577	1	1	1	0	3	15
chr7	74900976	74951305	1	1	1	0	1	39
chr7	74909224	74914755	0	0	0	0	3	35
chr7	74927029	75180859	2	2	0	0	4	41
chr7	74928503	74936073	1	1	0	0	2	30
chr7	74961032	75048006	2	2	0	0	2	37
chr7	75185554	75189214	2	2	0	0	2	13
chr7	75185634	75186171	1	1	0	0	1	42
chr7	75185900	75196992	1	1	0	0	3	36
chr7	75185976	75187219	2	2	0	0	1	21
chr7	75186244	75186471	2	2	0	0	1	37
chr7	75186244	75187219	2	2	0	0	3	28
chr7	75186528	75187219	2	2	1	0	29	46
chr7	75187296	75188074	2	2	1	0	4	33
chr7	75188117	75189214	2	2	1	0	6	42
chr7	75189257	75190538	2	2	1	0	25	29
chr7	75190568	75192046	2	2	1	0	25	29
chr7	75192231	75192898	2	2	1	0	1	34
chr7	75192981	75193902	2	2	1	0	4	34
chr7	75193984	75194656	2	2	1	0	1	17
chr7	75196797	75196973	2	2	1	0	2	22
chr7	75197040	75197947	2	2	1	0	8	45
chr7	75198050	75199650	2	2	1	0	2	9
chr7	75200180	75201120	2	2	1	0	1	5
chr7	75201305	75202541	2	2	1	0	5	30
chr7	75202614	75207955	2	2	1	0	4	30
chr7	75209560	75210527	2	2	1	0	1	18
chr7	75210600	75212078	2	2	1	0	2	20
chr7	75213537	75215791	2	2	0	0	1	12
chr7	75215822	75217153	2	2	1	0	1	30
chr7	75217265	75237292	2	2	1	0	2	14
chr7	75274620	75277340	2	4	0	0	1	20
chr7	75297761	75299653	2	2	1	0	8	30
chr7	75307654	75334875	1	3	0	0	2	28
chr7	75316142	75320729	2	2	1	0	3	15
chr7	75320819	75323868	2	2	1	0	5	39
chr7	75320908	75323868	2	2	1	0	2	29
chr7	75324055	75325642	2	2	1	0	1	22
chr7	75325477	75325642	2	2	1	0	3	22
chr7	75325730	75327623	2	2	1	0	8	30
chr7	75344109	75348696	2	2	1	0	3	15
chr7	75348786	75351835	2	2	1	0	5	39
chr7	75348875	75351835	2	2	1	0	2	29
chr7	75352022	75353568	2	2	1	0	1	22
chr7	75353403	75353568	2	2	1	0	3	22
chr7	75355689	75358781	2	2	1	0	2	37
chr7	75355689	75358943	2	2	1	0	1	44
chr7	75366439	75369470	1	1	0	0	1	12
chr7	75369471	75371750	1	3	0	0	2	27
chr7	75468400	75506840	2	2	0	0	1	26
chr7	75512676	75514644	2	2	1	0	6	27
chr7	75518648	75523108	1	1	0	0	2	16
chr7	75803192	75841921	2	4	0	0	1	27
chr7	76433648	76434037	1	1	1	0	4	44
chr7	76434156	76440249	1	1	1	0	19	47
chr7	76434156	76440474	1	1	0	0	3	13
chr7	76434156	76441841	1	1	1	0	1	5
chr7	76436216	76453891	2	4	0	0	1	16
chr7	76440342	76440474	1	1	1	0	27	46
chr7	76440612	76441841	1	1	1	0	17	32
chr7	76610216	76611453	2	2	1	0	13	15
chr7	76610216	76618182	2	2	1	0	1	5
chr7	76611592	76611721	2	2	1	0	32	46
chr7	76611592	76618182	2	2	0	0	3	13
chr7	76611814	76618182	2	2	1	0	19	47
chr7	76611814	76625521	2	2	0	0	2	39
chr7	76615910	76618550	1	1	0	0	1	38
chr7	76952397	77063027	1	1	0	0	3	46
chr7	77744142	77745135	2	4	0	0	1	22
chr7	80820293	80940027	2	2	0	0	4	46
chr7	91589248	91595743	2	2	0	0	1	41
chr7	98777929	98782736	2	2	0	0	3	22
chr7	98858005	98872727	1	1	0	0	1	23
chr7	99433839	99464448	1	1	0	0	2	39
chr7	99444239	99520781	2	2	0	0	2	43
chr7	99486100	99520781	2	2	0	0	2	43
chr7	99574492	99575278	2	2	0	0	2	42
chr7	100121836	100134628	1	1	0	0	1	33
chr7	101113523	101131612	2	4	0	0	1	41
chr7	101350949	101403882	1	1	0	0	2	46
chr7	102335911	102351760	1	1	0	0	1	16
chr7	102344263	102344479	1	1	0	0	1	35
chr7	102350227	102351864	1	3	0	0	2	19
chr7	102449911	102487716	1	1	0	0	1	17
chr7	102560363	102595575	1	1	0	0	1	12
chr7	102564799	102565015	2	2	0	0	1	35
chr7	102565338	102566179	1	1	0	0	2	30
chr7	102565338	102665259	1	1	0	0	2	30
chr7	102567084	102568009	2	2	1	0	18	47
chr7	102567084	102569834	2	2	1	0	15	43
chr7	102567084	102569899	2	2	0	0	1	20
chr7	102663882	102664098	2	2	0	0	1	35
chr7	102664447	102665284	2	2	0	0	2	41
chr7	102666164	102667089	2	2	1	0	18	47
chr7	102666164	102668979	2	2	0	0	1	20
chr7	105281217	105319038	2	4	0	0	2	38
chr7	105871452	105872894	2	4	0	0	2	33
chr7	128385291	128453419	2	2	0	0	2	31
chr7	135466451	135739584	2	4	0	0	7	26
chr7	138421079	138466085	2	2	0	0	4	33
chr7	139033192	139034542	2	2	0	0	1	13
chr7	139508972	139741076	1	1	0	0	4	44
chr7	140303992	140306174	2	4	0	0	1	37
chr7	140492663	140583076	1	1	0	0	5	46
chr7	140550351	140634156	0	0	0	0	3	46
chr7	143421312	143428120	1	1	0	0	1	42
chr7	143603112	143604584	1	1	1	0	3	26
chr7	143604836	143607792	1	1	1	0	2	23
chr7	143604862	143607792	1	1	1	0	1	11
chr7	143608575	143610489	1	1	0	0	1	17
chr7	143644818	143645477	1	3	0	0	1	33
chr7	143721860	143722519	2	4	0	0	1	33
chr7	143829407	143833246	2	2	1	0	4	17
chr7	143851454	143853360	2	2	0	0	1	17
chr7	143854143	143857073	2	2	1	0	1	11
chr7	143854143	143857099	2	2	1	0	2	23
chr7	143857351	143858823	2	2	1	0	3	26
chr7	144912921	145011332	1	1	0	0	2	46
chr7	146071931	146088057	1	1	0	0	1	22
chr7	148824251	149042519	1	1	0	0	4	40
chr7	149202745	149243400	2	2	0	0	2	33
chr7	151360915	151361058	1	1	1	0	1	33
chr7	152548080	152568103	1	1	0	0	1	42
chr7	152656884	152656974	2	2	0	0	1	37
chr7	152674487	152697367	2	2	0	0	2	31
chr7	155008547	155047075	2	4	0	0	1	27
chr7	157130066	157297022	2	2	0	0	33	41
chr8	6018884	6105200	2	4	0	0	2	45
chr8	6506993	6514284	1	1	0	0	1	38
chr8	37865551	37918888	2	2	0	0	3	29
chr8	37989439	38241563	1	1	0	0	5	30
chr8	42450342	42450637	2	4	0	0	4	29
chr8	47969354	47978426	1	1	0	0	1	43
chr8	48071026	48102699	2	2	0	0	1	46
chr8	55420745	55482505	2	2	0	0	5	21
chr8	60634991	60657420	1	1	0	0	1	46
chr8	73847689	73876902	1	1	0	0	1	46
chr8	75622274	75635382	1	1	0	0	1	21
chr8	77277693	77310763	2	2	0	0	1	12
chr8	80281799	80322780	1	1	0	0	3	44
chr8	82291500	82292240	0	0	0	0	7	35
chr8	82291548	82292058	0	0	0	0	6	31
chr8	85243689	85245394	2	2	1	0	1	4
chr8	94588864	94610111	2	4	0	0	1	27
chr8	94610649	94615553	2	4	0	0	2	27
chr8	94850516	94912716	1	1	0	0	2	46
chr8	97989255	97998305	1	1	0	0	291	46
chr8	99293422	99336393	2	2	0	0	5	42
chr8	99427018	99587925	1	1	0	0	3	31
chr8	99582888	99654280	2	2	0	0	2	38
chr8	102240925	102413894	2	2	0	0	8	42
chr8	103936881	103983958	1	1	0	0	2	31
chr8	130085561	130111198	2	2	0	0	1	18
chr8	144186203	144207269	2	2	0	0	1	32
chr9	15472751	15474008	2	2	1	0	1	39
chr9	15474238	15478476	2	2	1	0	40	41
chr9	15478553	15479590	2	2	1	0	21	43
chr9	15478553	15486005	2	2	0	0	2	27
chr9	15479688	15486005	2	2	1	0	12	46
chr9	15486069	15486826	2	2	1	0	7	41
chr9	15506638	15510116	2	2	1	0	6	46
chr9	19319105	19349343	1	1	0	0	4	29
chr9	26852330	26874081	2	2	0	0	2	45
chr9	34097307	34181159	1	3	0	0	2	27
chr9	36391846	36582200	2	2	0	0	4	46
chr9	36391846	36650175	2	2	0	0	5	47
chr9	36414659	36440503	2	4	0	0	2	26
chr9	36465836	36643719	1	1	0	0	4	46
chr9	36496672	36504891	2	2	0	2	0	38
chr9	38906741	38949513	1	3	0	0	1	39
chr9	42568060	42569028	2	2	1	0	1	8
chr9	42725371	42726339	1	1	1	0	1	8
chr9	61616008	61620249	1	1	1	0	11	39
chr9	61854377	61854991	1	1	1	0	2	21
chr9	61906556	61910860	2	2	1	0	11	39
chr9	62347323	62415756	2	2	0	3	0	29
chr9	62375529	62376497	2	2	1	0	1	8
chr9	62532689	62533657	1	1	1	0	1	8
chr9	62585233	62585688	1	1	0	0	1	23
chr9	62869305	62897418	2	2	1	0	9	45
chr9	62877655	62878108	2	2	0	0	1	23
chr9	63055839	63055922	1	1	1	0	1	46
chr9	63056104	63057050	1	1	1	0	2	26
chr9	63056104	63057514	1	1	1	0	1	41
chr9	63056409	63057514	1	1	1	0	2	41
chr9	63056523	63057514	1	1	0	0	1	47
chr9	63124293	63124635	2	2	1	0	1	5
chr9	63335805	63336147	1	1	1	0	1	5
chr9	63372979	63373320	2	2	1	0	2	3
chr9	63374506	63375498	2	2	0	0	1	47
chr9	63374506	63375612	2	2	1	0	2	41
chr9	63374506	63375917	2	2	1	0	1	41
chr9	63374970	63375917	2	2	1	0	2	26
chr9	63376372	63379122	2	2	1	0	1	31
chr9	64715149	64721582	1	1	0	0	2	27
chr9	64722897	64724134	0	0	0	0	3	30
chr9	65199463	65205913	1	1	0	0	2	27
chr9	65288533	65289657	2	2	1	0	4	37
chr9	65289724	65289826	2	2	1	0	2	19
chr9	65312628	65317608	2	2	0	0	2	25
chr9	65312628	65318515	2	2	1	0	3	25
chr9	65318561	65321192	2	2	1	0	3	24
chr9	65700338	65702969	1	1	1	0	3	24
chr9	65703015	65708901	1	1	1	0	3	25
chr9	65703926	65708901	1	1	0	0	2	25
chr9	65731699	65731801	1	1	1	0	2	19
chr9	65731868	65732992	1	1	1	0	4	37
chr9	65815796	65822240	2	2	0	0	2	27
chr9	67725832	67726450	2	2	1	0	2	21
chr9	72428944	72456130	1	3	0	0	2	27
chr9	72507548	72515871	2	2	0	0	3	24
chr9	76596512	76754938	2	4	0	0	3	26
chr9	80124511	80199138	2	2	0	0	9	41
chr9	81744370	81782872	2	4	0	0	1	45
chr9	92174980	92222104	1	1	0	0	1	46
chr9	92854549	92855810	2	2	0	0	1	27
chr9	94305606	94324745	2	2	0	0	2	18
chr9	94345546	94346864	2	4	0	0	1	36
chr9	96640029	96640452	0	0	0	0	7	36
chr9	110191210	110239348	1	1	0	0	1	44
chr9	113258863	113260271	1	1	1	0	2	9
chr9	122176801	122208757	2	2	0	0	6	44
chr9	125052596	125055875	2	2	0	0	2	33
chr9	125129546	125129980	2	2	0	0	1	42
chr9	125206471	125221132	2	4	0	0	1	26
chr9	125577479	125623848	1	1	0	0	1	41
chr9	125577479	125624658	1	1	0	0	1	41
chr9	125737740	125802909	2	2	0	0	2	46
chr9	127582288	127625604	1	3	0	0	1	46
chr9	128289021	128291719	2	2	0	0	1	43
chr9	128425103	128448443	1	3	0	0	1	29
chr9	128427344	128454086	2	2	0	0	1	47
chr9	128589808	128640242	2	2	0	0	2	46
chr9	128589824	128630957	2	4	0	0	1	43
chr9	128892159	128896746	1	1	0	0	8	21
chr9	129043431	129118097	1	1	0	0	2	26
chr9	129798708	129807671	2	2	0	0	1	38
chr9	129905394	129940708	2	2	0	0	1	16
chr9	130146114	130150454	2	2	0	0	1	30
chr9	130762717	130915509	2	4	0	0	3	21
chr9	132219147	132253224	1	3	0	0	1	38
chr9	133156596	133168614	1	1	0	0	1	45
chr9	136813610	136818118	2	2	0	0	1	36
chr9	137288054	137334862	1	1	0	0	1	41
chr9	137718801	137740847	1	1	0	0	1	27
chr10	4968945	4972200	1	1	1	0	1	23
chr10	4972750	4975850	1	1	1	0	5	40
chr10	4975934	4977699	1	1	1	0	7	38
chr10	4990039	4991830	2	2	1	0	7	38
chr10	4991914	4995318	2	2	1	0	5	40
chr10	4995485	4995755	2	2	1	0	1	36
chr10	4995866	4998624	2	2	1	0	1	23
chr10	10556086	10566471	1	1	0	0	1	38
chr10	12032057	12066552	1	3	0	0	2	44
chr10	12328755	12337073	2	2	0	0	2	33
chr10	12370653	12371527	1	1	0	0	2	33
chr10	13904978	13942915	1	1	0	0	1	23
chr10	15771062	15773963	2	2	0	0	2	33
chr10	21325383	21371638	1	3	0	0	1	46
chr10	22815983	22830282	2	2	0	0	1	32
chr10	23005002	23135905	1	1	0	0	4	39
chr10	24159565	24226411	1	1	0	0	2	40
chr10	26827454	26882603	2	2	0	0	3	46
chr10	26931563	26934412	2	2	1	0	1	40
chr10	26972110	27042627	2	2	0	0	6	37
chr10	30432472	30470428	1	1	0	0	3	18
chr10	30432472	30525475	1	1	0	0	3	18
chr10	32213136	32285708	2	2	0	0	4	41
chr10	37962214	37987102	2	4	0	0	2	25
chr10	45681841	45684485	1	1	1	0	3	45
chr10	45694784	45698064	1	1	1	0	3	7
chr10	45699681	45700168	1	1	0	0	1	15
chr10	45825107	45825369	1	5	0	0	1	31
chr10	45828081	45831393	2	2	1	0	3	7
chr10	45831430	45834015	2	2	1	0	1	35
chr10	45841688	45844325	2	2	1	0	3	45
chr10	45872938	45876098	2	2	0	0	1	33
chr10	71992376	71992692	2	2	0	0	1	15
chr10	72216139	72220053	1	1	1	0	5	17
chr10	72583512	72797765	2	2	0	0	25	26
chr10	72670698	72698029	2	2	0	0	1	15
chr10	72707061	72797765	2	2	0	0	25	26
chr10	72787500	72797765	2	2	0	0	25	26
chr10	73427373	73486400	1	1	0	0	9	46
chr10	73951804	73973075	2	2	0	0	2	45
chr10	77933938	77945106	2	2	0	0	1	37
chr10	79660995	79666784	0	0	1	0	2	13
chr10	79669575	79671090	1	1	1	0	14	43
chr10	79671134	79676467	1	1	1	0	14	44
chr10	79716672	79766270	2	2	1	0	2	7
chr10	79766325	79804484	2	2	1	0	7	40
chr10	79796951	79797400	0	0	0	0	5	35
chr10	79798028	79801949	2	2	1	0	1	3
chr10	79798028	79804484	2	2	1	0	14	44
chr10	79802959	79804484	2	2	1	0	1	6
chr10	79804528	79806038	2	2	1	0	33	43
chr10	79804528	79814612	2	2	1	0	1	33
chr10	79806123	79808758	2	2	1	0	22	20
chr10	79806123	79814612	2	2	1	0	5	15
chr10	79808833	79814612	2	2	1	0	10	18
chr10	79814717	79826197	2	2	1	0	6	9
chr10	80137696	80141380	2	2	0	0	1	27
chr10	86505510	86506070	2	2	0	0	1	20
chr10	86839419	86883596	2	2	0	0	1	40
chr10	87249985	87295176	2	2	0	0	3	31
chr10	87442798	87488011	1	1	0	0	3	31
chr10	92218194	92282474	1	1	0	0	2	46
chr10	97617982	97629194	2	4	0	0	4	31
chr10	99568723	99576100	2	4	0	0	1	19
chr10	99986940	99991691	1	1	0	0	2	33
chr10	100377435	100446046	2	2	0	0	2	46
chr10	100525302	100557491	1	3	0	0	2	27
chr10	101350079	101404783	1	1	0	0	4	31
chr10	102142597	102145633	1	3	0	0	1	45
chr10	102768638	102772818	2	2	0	0	2	15
chr10	102817180	102901022	1	3	0	0	2	14
chr10	103132014	103163789	1	1	0	0	1	40
chr10	116588699	116660219	2	2	0	0	59	13
chr10	119131244	119151154	1	1	0	0	2	46
chr10	121853239	121915765	2	2	0	0	6	27
chr10	124749955	124773242	1	3	0	0	1	27
chr10	124843674	124889956	2	4	0	0	1	27
chr11	303860	308230	1	1	1	0	1	3
chr11	307215	308230	1	1	1	0	1	3
chr11	307631	308230	1	1	1	0	1	3
chr11	308345	314262	2	2	1	0	14	43
chr11	308439	309012	1	1	1	0	7	43
chr11	308439	314921	1	1	1	0	17	43
chr11	314357	314921	1	1	1	0	31	44
chr11	314357	314926	1	1	1	0	1	16
chr11	319986	320564	2	2	1	0	2	30
chr11	319991	320564	2	2	1	0	53	43
chr11	643249	666627	2	2	0	0	1	46
chr11	5678435	5679073	2	4	1	1	0	3
chr11	9085601	9290251	2	2	0	0	4	15
chr11	9245070	9251774	1	1	0	0	1	39
chr11	9249103	9290251	2	2	0	0	4	15
chr11	9259441	9290251	2	2	0	0	4	15
chr11	9317142	9336338	1	1	0	0	1	46
chr11	10115952	10201782	1	1	0	0	2	45
chr11	13398272	13558692	0	0	0	0	6	47
chr11	16885781	17005318	1	1	0	0	5	46
chr11	18363880	18379025	2	4	0	0	1	46
chr11	46732648	46749209	2	2	0	0	1	40
chr11	46884660	46909527	2	2	0	0	2	45
chr11	47188811	47217246	1	1	0	0	2	42
chr11	47211030	47212321	1	3	0	0	2	26
chr11	47567184	47609236	2	2	0	0	1	43
chr11	49763707	49776407	1	1	0	0	1	32
chr11	60201318	60201709	1	1	0	0	1	15
chr11	60441388	60475891	2	2	0	0	1	30
chr11	61958496	61966209	1	1	0	0	3	32
chr11	62651348	62699135	2	2	0	0	1	39
chr11	62685712	62699135	2	2	0	0	1	39
chr11	62739359	62744530	1	1	0	0	2	39
chr11	62878726	62890673	2	2	0	0	1	23
chr11	63606368	63607968	2	2	0	0	1	36
chr11	63606368	63616765	2	2	0	0	1	36
chr11	63606368	63656006	2	2	0	0	1	36
chr11	63750900	63823765	0	0	0	0	18	46
chr11	63846857	63848907	2	2	0	0	5	41
chr11	64217332	64257935	2	2	0	0	1	30
chr11	64978168	64980403	1	1	0	0	4	38
chr11	65806675	65837942	1	1	0	0	1	25
chr11	65806826	65948910	1	1	0	0	3	44
chr11	66375630	66385897	2	2	0	0	2	41
chr11	66638753	66639699	1	1	1	0	2	27
chr11	66638753	66639838	1	1	1	0	2	16
chr11	66639822	66646110	0	0	0	0	9	39
chr11	66640053	66646360	2	2	0	0	4	21
chr11	66640124	66646026	1	1	1	0	20	30
chr11	66640124	66649735	1	1	1	0	4	15
chr11	66665258	66676738	1	3	0	0	6	43
chr11	67209532	67235392	2	2	0	0	1	38
chr11	70228874	70327553	2	2	0	0	2	43
chr11	70380945	70395010	1	1	0	0	1	18
chr11	73790193	73799242	2	2	0	0	1	47
chr11	74877091	74877924	2	2	0	0	1	21
chr11	76061623	76061753	2	2	0	0	6	17
chr11	77599117	77652442	1	1	0	0	2	26
chr11	82596065	82696238	1	3	0	0	3	23
chr11	84040402	84050698	1	1	0	0	1	35
chr11	87242986	87341164	1	1	0	0	5	42
chr11	107888376	107933597	2	2	0	0	1	41
chr11	112198992	112323317	1	1	0	0	3	23
chr11	116933333	117019211	1	1	0	0	2	44
chr11	117137517	117137784	1	1	1	0	1	44
chr11	117206799	117207066	2	2	1	0	1	44
chr11	117206799	117207969	2	2	1	0	1	28
chr11	118325298	118421926	2	4	0	0	2	27
chr11	118572026	118849743	1	1	0	0	4	36
chr11	118849781	118860756	2	4	0	0	1	27
chr11	119006350	119047168	2	4	0	0	1	32
chr11	122715200	122722959	2	4	0	0	3	38
chr11	126180458	126326708	0	0	0	0	3	46
chr12	759562	770204	2	2	0	0	1	41
chr12	6176551	6185391	1	1	0	0	3	46
chr12	6918534	7040189	1	1	0	0	3	32
chr12	7684945	7692402	2	4	0	0	1	28
chr12	7788890	7821906	2	2	0	0	1	14
chr12	9283775	9288274	1	1	1	0	2	4
chr12	9288350	9293661	1	1	1	0	6	39
chr12	9294519	9294816	1	1	1	0	6	37
chr12	9299469	9301093	1	1	1	0	1	39
chr12	9301247	9302227	1	1	1	0	12	33
chr12	9302275	9302622	1	1	1	0	13	24
chr12	9304208	9305718	1	1	1	0	5	35
chr12	9305758	9306014	1	1	1	0	5	39
chr12	9306124	9306236	1	1	1	0	4	17
chr12	9306369	9307201	1	1	1	0	5	39
chr12	9310442	9311140	1	1	1	0	4	36
chr12	9312324	9312616	1	1	1	0	1	11
chr12	9312696	9312874	1	1	1	0	2	8
chr12	9313030	9313104	1	1	1	0	2	10
chr12	9313398	9313735	0	0	0	0	3	44
chr12	9317506	9317967	1	1	0	0	4	44
chr12	9396651	9398917	1	1	0	0	1	25
chr12	9413827	9414291	2	2	0	0	4	44
chr12	9417875	9420908	2	6	0	0	1	31
chr12	9418062	9418402	0	0	0	0	3	40
chr12	9418700	9418774	2	2	1	0	2	10
chr12	9418930	9419111	2	2	1	0	2	8
chr12	9419191	9419488	2	2	1	0	1	11
chr12	9420665	9421387	2	2	1	0	4	36
chr12	9425603	9425715	2	2	1	0	4	17
chr12	9425825	9426081	2	2	1	0	5	39
chr12	9426121	9427632	2	2	1	0	5	35
chr12	9429212	9429559	2	2	1	0	12	24
chr12	9429607	9430587	2	2	1	0	11	23
chr12	9430741	9432365	2	2	1	0	1	39
chr12	9437105	9437402	2	2	1	0	6	37
chr12	9438260	9443534	2	2	1	0	6	39
chr12	9443610	9448103	2	2	1	0	2	4
chr12	9443683	9448540	2	2	0	0	1	24
chr12	12621393	12659523	2	2	0	0	1	46
chr12	14536103	14571240	2	4	0	0	1	21
chr12	19335539	19384929	2	2	0	0	1	39
chr12	19377517	19384941	1	1	0	0	1	46
chr12	25945262	25953572	2	4	0	0	5	24
chr12	27800350	27913455	0	0	0	0	3	33
chr12	31534411	31628292	2	2	0	0	2	33
chr12	31786713	31841663	2	2	0	2	0	30
chr12	32036364	32037509	2	4	0	0	1	47
chr12	48320273	48403398	2	2	0	0	2	47
chr12	49045542	49122704	1	3	0	0	13	24
chr12	49113687	49149550	1	3	0	0	2	28
chr12	49128126	49185177	1	1	1	0	18	46
chr12	49128939	49129241	2	2	1	0	9	31
chr12	49129391	49129499	2	2	1	0	1	14
chr12	49269688	49269827	1	1	1	0	1	14
chr12	49269977	49272252	1	1	1	0	3	31
chr12	49615616	49729401	0	0	0	0	3	41
chr12	51144988	51154480	1	1	0	0	1	12
chr12	51334667	51355699	2	2	0	0	1	41
chr12	51503307	51511471	2	2	0	0	2	39
chr12	53107711	53117046	2	2	0	0	1	15
chr12	53241279	53260905	2	2	0	0	1	24
chr12	53262412	53266985	2	2	0	0	5	41
chr12	53317343	53350241	1	1	0	0	2	31
chr12	53368380	53404057	2	2	0	1	0	23
chr12	53434721	53456380	2	2	0	0	3	29
chr12	53434721	53469649	2	2	0	0	3	29
chr12	55667078	55668733	1	1	0	0	1	39
chr12	55844798	55904683	2	4	0	0	2	45
chr12	56051777	56084383	1	1	0	1	0	34
chr12	56669098	56685864	2	2	0	0	1	46
chr12	59739096	59764385	1	1	0	0	1	19
chr12	75912735	75916556	2	2	0	0	1	45
chr12	85763111	85773568	2	2	0	0	1	46
chr12	98484459	98526722	1	3	0	0	1	32
chr12	110356232	110365171	1	1	0	0	1	34
chr12	110469702	110525882	1	1	0	0	2	23
chr12	110476759	110530277	2	2	0	0	2	22
chr12	110544653	110572263	1	1	0	0	1	16
chr12	110665384	110792677	2	2	0	0	3	20
chr12	111577348	111622623	2	2	0	0	1	14
chr12	111825196	111859884	1	1	0	0	2	43
chr12	117308828	117321240	2	2	0	0	1	43
chr12	118044055	118054326	1	1	0	0	1	46
chr12	120485303	120486765	2	2	0	0	1	28
chr12	121600423	121640157	1	1	0	0	1	41
chr12	122217413	122219760	1	3	0	0	1	45
chr12	122320060	122439938	1	1	0	0	5	46
chr12	122424744	122441370	2	2	0	0	1	46
chr12	122491801	122515961	2	4	0	0	2	27
chr12	122651521	122652222	1	1	0	0	1	34
chr12	123639028	123679971	2	2	0	0	1	39
chr13	19736656	19746374	2	4	0	0	1	28
chr13	20459021	20476946	1	1	0	0	1	45
chr13	22338404	22343492	1	1	0	0	1	41
chr13	22474483	22618849	1	1	0	0	3	28
chr13	22785799	22860331	1	1	0	0	4	46
chr13	22785799	22864281	1	1	0	0	4	46
chr13	24586795	24587225	1	1	1	0	1	25
chr13	24608869	24696446	2	4	0	0	4	46
chr13	28672433	28676190	1	1	0	0	2	41
chr13	39827398	39836708	1	3	0	0	1	27
chr13	44604404	44633981	1	3	0	0	4	41
chr13	45499922	45507668	1	1	0	0	1	13
chr13	48053446	48083398	1	1	0	0	2	31
chr13	49960783	49967546	1	1	0	0	2	36
chr13	52468043	52469828	2	2	0	0	3	46
chr13	73023224	73024065	1	1	0	0	2	43
chr13	79844641	79955291	2	2	0	0	3	42
chr13	82510478	82538037	0	0	0	0	3	42
chr13	98358870	98555914	2	2	0	0	5	46
chr13	112496772	112534331	1	1	0	0	1	46
chr14	18973208	18976048	1	1	1	0	1	12
chr14	19054712	19055389	1	1	1	0	22	36
chr14	19054717	19055389	1	1	1	0	7	40
chr14	19055523	19055549	0	0	0	0	5	44
chr14	19055575	19055601	1	1	0	0	5	27
chr14	19062467	19064582	1	1	1	0	2	25
chr14	19062467	19065967	1	1	1	0	1	45
chr14	19062467	19066235	1	1	1	0	7	33
chr14	19063180	19081798	1	1	0	0	1	36
chr14	19064694	19066000	1	1	1	0	15	46
chr14	19064694	19066235	1	1	1	0	2	20
chr14	19066116	19066235	1	1	1	0	34	46
chr14	19066348	19067829	1	1	1	0	2	40
chr14	19066348	19068076	1	1	1	0	27	46
chr14	19066348	19068100	1	1	1	0	9	42
chr14	19066348	19068432	1	1	1	0	1	40
chr14	19066348	19130635	1	1	1	0	8	28
chr14	19068101	19089584	1	1	0	0	2	27
chr14	19068148	19100424	1	3	1	0	2	5
chr14	19068215	19068432	1	1	1	0	28	46
chr14	19068457	19089564	1	1	0	0	1	17
chr14	19068569	19069043	1	1	1	0	1	6
chr14	19068569	19130635	1	1	1	0	2	43
chr14	19077380	19081860	2	2	0	0	1	32
chr14	19078398	19089449	1	5	0	0	3	34
chr14	19084849	19086214	2	2	0	0	1	30
chr14	19093007	19103676	1	1	1	0	4	38
chr14	19093007	19130635	1	1	1	0	3	29
chr14	19094591	19099828	2	2	0	0	1	36
chr14	19096340	19101252	2	2	0	0	2	32
chr14	19104787	19104917	2	4	0	0	3	18
chr14	19157948	19158560	2	2	0	0	1	24
chr14	19241445	19242056	1	1	0	0	1	24
chr14	19269381	19307020	2	2	1	0	4	42
chr14	19269381	19331481	2	2	1	0	2	43
chr14	19269381	19333701	2	2	1	0	8	28
chr14	19295111	19295241	1	3	0	0	3	18
chr14	19295136	19331901	2	4	1	0	2	5
chr14	19296352	19307020	2	2	1	0	4	38
chr14	19298769	19303685	1	1	0	0	2	32
chr14	19300091	19331901	2	4	1	0	2	5
chr14	19300196	19305434	1	1	0	0	1	36
chr14	19302906	19303266	1	3	0	0	2	19
chr14	19310452	19331948	2	2	0	0	2	27
chr14	19318252	19336866	2	2	0	0	1	36
chr14	19331007	19331481	2	2	1	0	1	6
chr14	19331618	19331834	2	2	1	0	28	46
chr14	19331618	19333701	2	2	1	0	1	40
chr14	19331949	19333701	2	2	1	0	9	42
chr14	19331949	19337579	2	2	1	0	1	39
chr14	19331973	19333701	2	2	1	0	27	46
chr14	19332220	19333701	2	2	1	0	2	40
chr14	19333814	19333933	2	2	1	0	34	46
chr14	19333814	19335351	2	2	1	0	2	20
chr14	19333814	19337579	2	2	1	0	7	33
chr14	19334049	19335351	2	2	1	0	15	46
chr14	19334082	19335351	2	2	1	0	6	46
chr14	19334082	19337579	2	2	1	0	3	45
chr14	19335463	19337579	2	2	1	0	2	25
chr14	19344635	19345307	2	2	1	0	7	40
chr14	19344635	19345312	2	2	1	0	22	36
chr14	19425713	19428541	2	2	1	0	1	12
chr14	20738298	20829285	2	2	0	0	2	12
chr14	22805928	22834758	1	1	0	0	2	39
chr14	22903013	22940327	2	2	0	0	4	46
chr14	34647527	34692092	2	2	0	0	1	46
chr14	35237887	35251786	2	2	0	0	2	39
chr14	35338462	35361434	2	2	0	0	1	43
chr14	39551631	39585688	1	1	0	0	1	19
chr14	49602469	49606677	1	1	0	0	1	21
chr14	54944471	54955560	2	2	1	0	1	35
chr14	55153399	55156004	0	0	0	0	3	30
chr14	64723709	64744983	2	2	0	0	1	47
chr14	69923033	69964465	2	2	0	0	1	42
chr14	72837525	72838280	1	1	0	0	1	16
chr14	73541005	73564410	1	1	0	0	1	17
chr14	73681366	73694919	2	2	0	0	1	46
chr14	86074719	86096162	2	2	0	0	1	41
chr14	91779165	91789533	2	2	0	0	1	34
chr14	103399495	103419073	1	1	0	0	2	46
chr14	103399495	103444563	1	1	0	0	2	46
chr14	103584903	103599072	1	3	0	0	1	24
chr14	105086522	105128668	2	2	0	3	0	31
chr14	105454311	105454627	1	1	1	0	1	3
chr15	19817027	19822866	1	1	0	0	1	16
chr15	22837090	22988518	1	1	0	0	3	39
chr15	22997849	23190472	2	2	0	0	14	40
chr15	23928706	24076839	2	2	0	0	3	38
chr15	28334844	28334921	1	1	1	0	2	9
chr15	28335061	28336426	1	1	1	0	1	4
chr15	28454481	28488024	2	2	0	0	1	20
chr15	28465380	28681364	1	1	0	0	7	46
chr15	28575202	28576567	2	2	1	0	1	4
chr15	28576707	28576784	2	2	1	0	2	9
chr15	28595612	28626742	1	1	0	0	1	35
chr15	28659400	28681364	1	1	0	0	7	46
chr15	30086105	30086957	1	1	1	0	3	37
chr15	30092989	30093083	1	1	1	0	2	16
chr15	30104009	30110301	1	1	1	0	1	21
chr15	30115589	30115861	1	1	0	0	1	17
chr15	30131348	30138121	1	1	0	0	2	30
chr15	30138203	30139057	1	1	1	0	3	37
chr15	30145057	30145151	1	1	1	0	2	16
chr15	30381430	30381702	2	2	0	0	1	17
chr15	30383383	30386862	2	2	1	0	1	40
chr15	30386988	30393251	2	2	1	0	1	21
chr15	30404157	30404251	2	2	1	0	2	16
chr15	30410268	30411118	2	2	1	0	3	37
chr15	30613788	30625050	2	2	1	0	2	21
chr15	31460370	31699311	2	2	0	0	4	46
chr15	32603204	32614436	2	2	1	0	2	21
chr15	34069044	34184805	2	2	0	0	3	22
chr15	34229279	34269088	2	2	0	0	1	34
chr15	35238914	35246110	2	2	0	0	1	23
chr15	35243689	35246110	2	2	0	0	1	23
chr15	41395415	41441016	1	3	0	0	1	27
chr15	44330054	44333075	1	1	0	0	1	27
chr15	44827222	44828449	2	2	1	0	2	26
chr15	45072439	45073364	1	1	1	0	2	26
chr15	55508571	55563582	2	2	0	0	3	31
chr15	64540815	64541212	1	1	0	0	1	46
chr15	67552436	67553799	1	1	0	0	1	36
chr15	68678533	68722925	1	1	0	0	1	39
chr15	71095201	71179020	2	2	0	0	4	40
chr15	74495000	74755578	2	2	0	0	4	28
chr15	75490858	75539179	2	2	0	0	1	45
chr15	82351705	82353600	2	4	0	0	1	27
chr15	82355375	82369242	1	1	1	0	6	20
chr15	82385302	82450820	1	1	0	0	2	44
chr15	82477583	82513665	2	2	1	0	2	7
chr15	82499727	82513665	2	2	1	0	6	20
chr15	82577957	82671554	0	0	0	0	3	40
chr15	83354543	83360065	1	1	0	0	158	44
chr15	84172586	84173982	1	1	1	0	1	29
chr15	84172962	84173978	1	1	1	0	6	19
chr15	84174158	84181981	1	1	1	0	7	43
chr15	84186989	84188161	1	1	1	0	1	15
chr15	84406663	84407837	2	2	1	0	1	9
chr15	84420828	84422224	2	2	1	0	1	29
chr15	84420832	84421848	2	2	1	0	6	19
chr15	84464603	84465086	1	1	0	0	1	45
chr15	84485397	84486570	2	2	1	0	1	9
chr15	84491582	84499414	2	2	1	0	7	43
chr15	84499594	84500610	2	2	1	0	6	19
chr15	84515035	84526780	2	2	1	0	5	47
chr15	84555071	84569504	2	2	1	0	1	21
chr15	84714263	84726424	2	2	0	0	1	37
chr15	90199105	90268233	2	2	0	0	3	46
chr15	90546872	90554451	2	4	0	0	1	47
chr15	90835861	90858641	1	1	0	0	1	18
chr15	99399638	99402981	1	1	0	0	1	31
chr16	238584	301087	0	0	0	0	3	41
chr16	488278	494519	1	1	0	0	1	12
chr16	2538137	2557702	1	1	1	0	2	22
chr16	2557763	2597658	1	1	0	0	2	12
chr16	2557964	2561479	1	1	1	0	2	43
chr16	2561523	2561770	1	1	1	0	4	10
chr16	2566454	2570387	1	1	1	0	2	25
chr16	2566454	2571073	1	1	1	0	1	25
chr16	2571866	2572083	1	3	0	0	1	40
chr16	2583586	2586675	1	1	1	0	7	39
chr16	2628109	2628326	2	4	0	0	1	40
chr16	2638422	2638669	2	2	1	0	2	10
chr16	2663408	2671344	2	2	1	0	2	40
chr16	2672860	2673282	2	2	1	0	2	16
chr16	3628792	3634460	2	2	0	0	1	38
chr16	3628792	3709047	2	2	0	0	5	39
chr16	4420268	4469802	1	1	0	0	1	32
chr16	10349086	10432675	2	4	0	0	2	27
chr16	14448380	14556390	2	2	0	0	4	31
chr16	14709064	14716067	1	1	1	0	2	23
chr16	14724379	14724487	1	1	1	0	2	18
chr16	14724524	14725882	1	1	1	0	2	36
chr16	14726163	14765156	2	2	0	0	20	44
chr16	14748186	14755191	1	1	1	0	2	23
chr16	14763499	14763607	1	1	1	0	2	18
chr16	14763644	14765002	1	1	1	0	2	36
chr16	14911908	14917539	1	1	1	0	4	46
chr16	14917612	14917732	1	1	1	0	5	30
chr16	14917805	14918072	1	1	1	0	1	17
chr16	14926817	14927206	1	1	1	0	2	29
chr16	14932972	14933065	1	1	1	0	1	10
chr16	14933277	14933366	1	1	1	0	4	20
chr16	14933494	14935159	1	1	1	0	8	44
chr16	14933800	14935264	2	4	0	0	2	24
chr16	14933841	14934050	1	3	0	0	1	28
chr16	14935398	14941811	1	1	0	0	4	46
chr16	14937651	14941811	1	1	1	0	5	23
chr16	14945674	14945836	1	1	1	0	1	15
chr16	14949038	14950049	1	1	1	0	2	40
chr16	14950111	14950219	1	1	1	0	3	18
chr16	14950256	14951614	1	1	1	0	5	36
chr16	14950822	14951614	1	1	1	0	3	32
chr16	14951838	14951963	2	2	0	0	1	44
chr16	15104409	15104479	1	1	0	0	4	25
chr16	15104480	15136581	1	1	0	0	1	35
chr16	15104605	15363789	1	1	0	0	11	47
chr16	15104759	15106114	2	2	1	0	2	36
chr16	15106151	15106259	2	2	1	0	2	18
chr16	15106321	15107329	2	2	1	0	2	40
chr16	15110822	15114442	2	2	1	0	1	19
chr16	15114572	15118925	2	2	1	0	2	19
chr16	15119055	15125690	2	2	1	0	2	35
chr16	15125703	15127163	1	3	0	0	2	24
chr16	15125808	15127469	2	2	1	0	7	44
chr16	15127898	15127991	2	2	1	0	1	10
chr16	15137924	15138191	2	2	1	0	1	17
chr16	15138264	15138384	2	2	1	0	5	30
chr16	15138457	15154349	2	2	1	0	4	46
chr16	15363721	15363789	1	1	0	0	1	14
chr16	15363859	15363915	1	1	0	0	2	43
chr16	15364070	15365428	2	2	1	0	5	36
chr16	15365465	15365573	2	2	1	0	3	18
chr16	15365635	15366652	2	2	1	0	2	40
chr16	15369857	15370019	2	2	1	0	2	33
chr16	15373844	15380927	2	2	1	0	2	23
chr16	18397839	18398595	1	1	0	0	1	38
chr16	18873077	18888087	2	2	0	0	4	25
chr16	18915851	18946547	2	2	0	0	1	42
chr16	18920164	18946547	2	2	0	0	1	42
chr16	19429037	19454256	1	3	0	0	1	22
chr16	21463994	21464715	2	2	1	0	2	36
chr16	21464818	21467091	2	2	1	0	1	16
chr16	21895793	21896514	2	2	1	0	2	36
chr16	21896617	21898886	2	2	1	0	1	16
chr16	22471853	22474124	1	1	1	0	1	16
chr16	22474227	22474948	1	1	1	0	2	36
chr16	23793507	23821033	2	2	0	0	1	43
chr16	27755864	27785970	2	2	0	0	2	45
chr16	28248381	28429140	0	0	0	0	3	37
chr16	28367655	28379728	2	2	0	0	1	15
chr16	28380139	28380291	2	2	1	0	1	31
chr16	28401397	28401538	2	2	1	0	1	26
chr16	28578813	28675654	1	1	0	0	2	26
chr16	28641679	28648134	1	1	0	0	1	29
chr16	28665549	28697277	1	1	0	0	1	15
chr16	28713767	28713908	1	1	1	0	1	26
chr16	28735020	28735172	1	1	1	0	1	31
chr16	28755769	28762250	1	1	0	0	1	29
chr16	28761751	28909903	2	2	0	0	3	31
chr16	29036396	29275727	2	2	0	0	4	40
chr16	29050563	29050671	1	1	1	0	3	36
chr16	29050708	29052071	1	1	1	0	4	34
chr16	29091882	29344538	2	2	0	0	5	41
chr16	29338072	29377665	1	1	0	0	1	26
chr16	29384290	29385649	2	2	1	0	3	34
chr16	29385686	29385794	2	2	1	0	2	36
chr16	29390137	29390248	2	2	1	0	4	12
chr16	29390349	29393947	2	2	1	0	3	14
chr16	29485834	29487193	2	2	1	0	3	34
chr16	29487230	29487338	2	2	1	0	2	36
chr16	29491663	29491774	2	2	1	0	4	12
chr16	29491875	29495478	2	2	1	0	3	14
chr16	29737743	29833050	1	1	0	0	2	14
chr16	29904369	29917701	2	2	0	0	1	38
chr16	30081985	30178178	1	3	0	0	3	43
chr16	30508141	30530061	2	2	0	0	2	46
chr16	31017598	31114307	1	1	0	0	3	46
chr16	31115007	31116294	2	2	0	0	1	38
chr16	31323289	31333429	1	1	0	0	1	12
chr16	32758604	32758695	1	1	1	0	1	26
chr16	33111713	33111804	2	2	1	0	1	26
chr16	35160088	35162729	2	2	0	0	6	21
chr16	47029327	47034080	1	1	1	0	1	3
chr16	53474058	53561080	1	3	0	0	3	27
chr16	56608684	56608991	1	1	1	0	1	14
chr16	56609058	56609262	1	1	1	0	28	45
chr16	56633406	56633750	1	1	1	0	19	28
chr16	56639330	56639858	1	1	1	0	8	36
chr16	56658741	56659072	1	1	1	0	2	35
chr16	56666971	56667311	2	2	1	0	51	45
chr16	56683231	56683957	1	1	1	0	7	26
chr16	56964905	57015983	1	1	0	0	2	37
chr16	58583954	58622097	1	1	0	0	1	39
chr16	68486457	68806380	2	2	0	0	6	47
chr16	68906116	68926429	1	1	0	0	2	32
chr16	69266152	69296507	1	1	0	0	1	24
chr16	69323809	69344631	1	1	0	0	2	21
chr16	69453624	69489086	2	2	0	0	1	22
chr16	70222481	70224855	2	2	1	0	2	11
chr16	70230485	70370825	0	0	0	0	7	36
chr16	70266099	70287036	1	1	0	0	1	29
chr16	71705743	71749149	2	2	0	0	2	32
chr16	73274074	73280914	1	1	0	0	1	38
chr16	75259976	75272709	2	2	0	0	2	30
chr16	81303602	81306494	2	2	0	0	1	32
chr16	85738370	85804401	1	3	0	0	4	27
chr16	87588645	87674263	1	1	0	0	3	25
chr16	90127172	90128622	1	3	1	0	2	19
chr17	1185427	1291953	2	2	0	0	3	24
chr17	1282913	1303352	2	2	0	0	2	31
chr17	1282913	1334263	2	2	0	0	2	31
chr17	1348809	1427378	1	1	0	0	4	46
chr17	1490428	1517463	1	1	0	0	1	33
chr17	1659121	1694651	1	1	0	0	1	45
chr17	1756948	1817816	1	1	0	0	2	46
chr17	2539752	2640610	2	2	0	0	3	43
chr17	2575540	2586858	2	4	0	0	1	27
chr17	3565912	3566230	2	2	0	0	3	44
chr17	3602909	3629514	1	1	0	0	3	24
chr17	3729826	3745572	2	2	0	0	3	33
chr17	4358739	4361313	1	1	0	0	1	25
chr17	4372872	4417797	1	1	0	0	1	31
chr17	4421381	4606352	2	2	0	0	4	36
chr17	4928202	4964780	1	3	0	0	1	27
chr17	5021407	5054165	2	2	0	0	1	25
chr17	5367025	5409309	1	1	0	0	1	38
chr17	7057034	7085551	2	2	0	0	1	39
chr17	8191404	8252485	2	2	0	0	6	38
chr17	8260768	8293694	1	1	0	0	1	18
chr17	8279555	8279678	2	4	0	0	1	28
chr17	9569883	9770042	1	1	0	0	5	33
chr17	11759782	11827780	1	1	0	0	2	32
chr17	13534962	13545912	1	1	0	0	1	17
chr17	15791932	15825554	1	1	0	0	1	23
chr17	16228621	16230093	2	2	0	0	10	46
chr17	18030906	18031207	2	2	0	0	5	41
chr17	18350114	18455115	1	1	0	0	4	46
chr17	18610468	18611640	1	1	1	0	2	17
chr17	18739143	18748204	1	1	0	0	1	39
chr17	18740994	18768298	2	2	0	0	1	46
chr17	19062563	19188678	0	0	0	0	3	44
chr17	19064047	19190155	2	2	0	0	89	47
chr17	19070774	19076233	1	1	0	0	3	33
chr17	19111786	19111919	2	2	0	0	2	17
chr17	19112547	19190155	2	2	0	0	89	47
chr17	19112549	19190155	2	2	1	0	3	3
chr17	19175971	19181426	2	2	0	0	3	33
chr17	19188748	19188881	1	1	0	0	2	17
chr17	19473091	19500641	2	2	0	0	3	46
chr17	19814492	19886476	1	3	0	0	3	27
chr17	21642412	21845002	2	2	0	0	4	40
chr17	28807130	28822598	2	4	0	0	1	12
chr17	29273135	29367073	1	1	0	0	2	36
chr17	29610067	29647136	2	2	0	0	1	27
chr17	29743119	29782772	1	1	0	0	1	25
chr17	30135707	30214865	2	2	0	0	2	46
chr17	30589485	30637080	2	2	0	0	1	29
chr17	30612852	30662708	2	2	0	0	1	39
chr17	30635825	30637134	1	1	0	0	5	37
chr17	30636284	30636811	2	2	0	0	6	16
chr17	30636284	30648788	2	2	0	0	6	16
chr17	31563329	31577373	2	2	0	0	1	46
chr17	31851599	31929602	1	3	0	0	2	38
chr17	37266399	37304773	1	1	0	0	1	16
chr17	37874877	37990861	2	2	0	0	3	23
chr17	37874877	38070406	2	2	0	0	3	23
chr17	38026188	38070559	1	1	0	0	1	41
chr17	38078347	38082645	1	1	0	0	1	18
chr17	38111523	38114778	1	1	1	0	2	28
chr17	38113064	38122361	1	1	0	0	1	36
chr17	38117741	38118186	1	1	1	0	3	28
chr17	38117786	38118186	1	1	1	0	3	10
chr17	38118284	38118407	1	1	1	0	3	31
chr17	38118442	38119292	1	1	1	0	2	7
chr17	38119408	38122799	1	1	1	0	4	37
chr17	38122965	38124038	1	1	1	0	52	47
chr17	38124144	38124569	1	1	1	0	46	44
chr17	38195941	38196366	2	2	1	0	46	44
chr17	38196472	38197545	2	2	1	0	52	47
chr17	38197711	38201104	2	2	1	0	4	37
chr17	38198149	38207457	2	2	0	0	1	36
chr17	38201220	38202071	2	2	1	0	2	7
chr17	38202106	38202237	2	2	1	0	3	31
chr17	38202335	38202735	2	2	1	0	3	10
chr17	38202335	38202780	2	2	1	0	3	34
chr17	38237894	38242200	2	2	0	0	1	18
chr17	38300882	38318143	1	1	0	0	1	39
chr17	38814569	38827040	2	2	0	0	1	18
chr17	38900563	38982456	2	2	0	0	3	13
chr17	38944675	38973675	2	4	0	0	1	27
chr17	39288094	39289554	1	3	0	0	3	39
chr17	40043674	40046530	1	1	0	0	1	31
chr17	42924402	43001876	1	1	0	0	5	46
chr17	43009540	43057620	1	1	0	0	1	46
chr17	43120535	43310302	1	1	0	0	3	30
chr17	44037103	44037411	2	2	1	0	1	29
chr17	45621153	45621907	1	1	1	0	1	25
chr17	46223805	46224560	2	2	1	0	1	25
chr17	46224473	46224560	2	2	0	0	5	35
chr17	46613494	46622316	1	3	0	0	5	34
chr17	46974520	47055892	1	1	0	0	3	46
chr17	48760324	48850392	1	1	0	0	2	32
chr17	48955926	48962599	2	2	0	0	1	29
chr17	49006634	49007978	2	4	0	0	2	43
chr17	50724807	50774893	1	1	0	0	2	29
chr17	51032718	51081525	2	2	0	0	4	36
chr17	52333162	52351797	1	1	0	0	2	34
chr17	53243147	53290533	2	2	0	0	1	12
chr17	57013486	57047227	2	2	0	0	1	41
chr17	57066064	57230653	1	1	0	0	4	43
chr17	58698278	58744570	1	1	0	0	2	37
chr17	58701801	58734825	2	2	0	0	2	36
chr17	59208010	59222414	1	1	0	0	2	31
chr17	59573968	59574187	1	1	1	0	4	26
chr17	59579880	59587895	1	1	1	0	1	36
chr17	59586234	59587895	1	1	1	0	2	13
chr17	59598852	59599374	1	1	1	0	11	22
chr17	59599484	59602521	1	1	1	0	1	19
chr17	59976133	59976655	2	2	1	0	9	22
chr17	59980255	60023230	2	2	0	0	4	39
chr17	59987605	59989263	2	2	1	0	2	13
chr17	60001297	60001516	2	2	1	0	4	26
chr17	60027166	60027871	1	1	0	0	2	17
chr17	60118675	60119380	2	2	0	0	2	17
chr17	60462825	60590502	2	2	0	0	3	27
chr17	60692670	60722696	1	1	0	0	1	42
chr17	61958097	61958569	2	2	0	0	1	46
chr17	62545122	62550074	1	1	0	0	1	45
chr17	62633288	62677836	1	1	0	0	1	46
chr17	64287753	64325360	2	2	0	0	1	27
chr17	64581881	64604879	1	1	0	0	1	32
chr17	64701702	64719191	2	2	0	0	2	29
chr17	67226232	67248310	2	4	0	0	1	22
chr17	67618201	67622712	2	2	0	0	1	38
chr17	67989407	68217900	2	2	0	0	6	23
chr17	68001735	68217900	2	2	0	0	6	23
chr17	68039357	68039553	1	1	0	0	1	46
chr17	71956168	71965104	1	1	0	0	1	41
chr17	74783066	74789465	1	1	0	0	1	38
chr17	75030861	75080356	1	3	0	0	1	30
chr17	75192009	75230088	1	3	0	0	1	27
chr17	75284376	75418519	2	4	0	0	5	27
chr17	75389743	75401342	1	3	0	0	1	17
chr17	75627805	75838885	1	1	0	0	4	46
chr17	75648606	75655596	2	2	0	0	1	37
chr17	75800524	75838885	1	1	0	0	4	46
chr17	75850494	75868387	2	4	0	0	1	37
chr17	76760613	76786226	2	2	0	0	3	47
chr17	81561072	81563740	2	2	0	0	3	32
chr17	82198776	82204568	1	1	0	0	2	46
chr17	82554065	82581707	2	2	0	0	1	46
chr18	2991981	3081103	2	4	0	0	2	26
chr18	3469298	3507818	2	2	0	0	1	36
chr18	3477042	3523632	1	1	0	0	2	39
chr18	3635372	3644648	1	1	0	0	1	36
chr18	3646710	3685348	1	1	0	0	1	44
chr18	7410778	7435097	2	2	0	0	2	46
chr18	15213582	15230388	1	1	0	0	1	18
chr18	15218274	15230388	1	1	0	0	1	18
chr18	21420345	21484795	2	4	0	0	2	28
chr18	23019995	23180153	2	2	0	0	3	46
chr18	23477533	23477838	1	1	0	0	2	33
chr18	23550735	23666642	2	2	0	0	3	32
chr18	40409848	40527187	2	2	0	0	3	43
chr18	46161634	46432874	1	1	0	0	6	39
chr19	793290	875136	2	4	0	0	2	27
chr19	834905	1101013	1	1	0	0	6	44
chr19	838112	1101013	1	1	0	0	6	44
chr19	1667225	1690129	2	2	0	0	3	46
chr19	2264824	2293135	2	2	0	0	1	36
chr19	2674714	2687385	1	3	0	0	1	44
chr19	2747203	2751718	2	2	0	0	1	43
chr19	2839270	2870682	1	1	0	0	2	31
chr19	2868495	2868800	2	2	0	0	1	34
chr19	2876502	2911312	2	2	0	0	1	36
chr19	2882213	2893507	1	1	0	0	1	21
chr19	2882213	2900072	1	1	0	0	2	40
chr19	2911300	2938725	1	1	0	0	1	44
chr19	3451953	3584436	2	2	0	0	3	42
chr19	3960654	4006334	2	2	0	0	1	43
chr19	4125730	4211420	2	2	0	0	5	43
chr19	4531232	4644831	2	2	0	0	5	46
chr19	4698944	4780612	1	1	0	0	2	40
chr19	4847121	4881227	2	2	0	0	1	46
chr19	4860436	4881227	2	2	0	0	1	46
chr19	4993738	4994449	1	1	0	0	1	39
chr19	5457559	5489356	1	1	0	0	1	41
chr19	5607218	5639649	1	3	0	0	1	22
chr19	5714554	5714731	2	4	0	0	7	35
chr19	6237543	6245495	1	1	0	0	1	40
chr19	6348005	6358745	2	2	0	0	1	32
chr19	6627501	6643368	2	2	0	0	1	31
chr19	6943118	6978962	1	1	0	0	2	31
chr19	7741428	7881855	1	1	0	0	6	41
chr19	8571558	8571740	1	3	0	0	2	27
chr19	10355749	10375701	1	1	0	0	2	41
chr19	10498136	10512641	1	1	0	0	1	35
chr19	10652624	10652947	2	2	0	0	1	31
chr19	10947776	10947916	2	2	0	0	1	18
chr19	11906126	11949926	2	2	0	0	1	21
chr19	11949759	11949926	2	2	0	0	1	21
chr19	12015139	12044173	1	1	0	0	1	42
chr19	12743665	12804814	2	4	0	0	2	43
chr19	12743967	12775413	1	1	0	0	1	27
chr19	12957612	12968890	1	3	0	0	1	27
chr19	13074887	13162246	1	1	0	0	2	32
chr19	13189510	13199881	1	1	0	0	1	36
chr19	13780342	13793581	2	2	0	0	1	20
chr19	14190381	14192354	2	4	0	0	1	29
chr19	14397805	14397888	1	1	1	0	1	17
chr19	14397936	14398061	1	1	1	0	1	30
chr19	14405081	14405378	1	1	1	0	1	3
chr19	14765398	14765523	2	2	1	0	1	30
chr19	14765571	14765657	2	2	1	0	1	17
chr19	15706604	15713968	1	1	0	0	2	41
chr19	17208237	17346871	1	3	0	0	5	39
chr19	17261828	17296837	1	3	0	0	1	18
chr19	17414068	17461153	1	1	0	0	1	46
chr19	17878287	17955342	2	2	0	0	4	36
chr19	19323034	19323337	1	1	0	0	1	22
chr19	19361872	19384263	2	2	0	0	10	41
chr19	19367715	19402624	1	1	0	0	2	34
chr19	19381983	19402624	1	1	0	0	2	34
chr19	19441789	19636348	2	2	0	0	4	33
chr19	19671732	19702119	2	2	0	0	1	46
chr19	21281051	21305212	1	1	0	0	1	30
chr19	21445673	21475319	1	3	0	0	1	26
chr19	32753025	32761362	2	2	0	0	1	46
chr19	33305391	33308849	1	1	0	0	1	39
chr19	34129349	34234669	1	1	0	0	3	43
chr19	34243507	34285545	2	2	0	0	1	46
chr19	34253276	34427769	2	2	0	0	3	46
chr19	36396629	36403592	2	4	0	0	2	27
chr19	37673229	37732886	1	1	0	0	2	38
chr19	37737961	37746624	1	3	0	0	1	27
chr19	38177789	38221300	1	1	0	0	1	31
chr19	38875619	38882578	1	1	0	0	1	26
chr19	39357090	39359904	1	1	1	0	2	28
chr19	39516778	39531255	2	2	0	0	2	44
chr19	40208645	40290054	2	4	0	0	2	31
chr19	41768620	41768696	2	2	0	0	3	38
chr19	43477744	43509432	1	1	0	0	1	33
chr19	43723979	43756018	2	2	0	0	3	17
chr19	44074136	44079375	2	2	0	0	1	44
chr19	44170096	44172087	1	1	1	0	2	40
chr19	44172215	44172859	1	1	1	0	1	33
chr19	44235967	44236722	0	0	0	0	4	30
chr19	45374452	45411533	2	2	0	1	0	26
chr19	45534378	45561149	2	2	0	0	1	22
chr19	45561728	45610624	1	1	0	0	1	19
chr19	45580389	45699128	1	1	0	0	3	25
chr19	45640611	45672497	1	1	0	0	1	41
chr19	45723886	45730848	2	2	0	0	2	28
chr19	46353990	46375603	1	1	1	0	1	10
chr19	46811301	46837099	2	2	0	0	1	42
chr19	47014870	47030254	2	2	0	0	1	46
chr19	47092747	47123445	1	1	0	0	1	39
chr19	47143336	47254705	2	2	0	0	10	46
chr19	47248751	47253555	2	2	0	0	2	30
chr19	47254556	47267360	2	2	0	0	1	38
chr19	47267047	47267360	2	2	0	0	1	38
chr19	47795356	47835479	1	1	0	0	1	30
chr19	47949848	48092279	2	2	0	0	3	46
chr19	48249848	48255791	2	2	1	0	5	27
chr19	48399306	48408074	2	2	0	0	2	24
chr19	48659286	48779337	1	1	0	0	5	43
chr19	48659295	48865796	2	2	0	0	5	42
chr19	48707192	48730798	1	1	0	0	1	32
chr19	48747738	48771708	2	2	0	0	1	28
chr19	49306104	49317146	2	4	0	0	1	28
chr19	49821554	49938462	1	1	0	0	3	13
chr19	50020086	50023230	1	3	0	0	1	27
chr19	50075194	50075398	1	1	1	0	5	24
chr19	50075857	50075946	2	2	0	0	1	19
chr19	50139686	50235144	1	1	0	0	3	32
chr19	50139686	50321556	1	1	0	0	3	32
chr19	50529578	50539661	1	1	0	0	2	41
chr19	50621933	50622022	1	1	0	0	1	19
chr19	50622482	50622686	2	2	1	0	5	24
chr19	51869018	51958092	2	2	0	0	2	15
chr19	52045777	52079773	2	2	0	0	1	31
chr19	52562987	52566376	1	3	0	0	1	39
chr19	52576022	52582201	1	1	1	0	1	43
chr19	52684972	52701043	2	2	0	0	3	28
chr19	52736859	52783475	2	4	0	0	1	36
chr19	52808134	52817943	2	2	1	0	3	17
chr19	52808134	52890240	2	2	0	0	3	17
chr19	52849214	52854257	2	2	1	0	3	17
chr19	52849214	52890240	2	2	0	0	3	17
chr19	52881984	52888126	2	2	1	0	1	21
chr19	52908180	52915195	2	2	1	0	1	21
chr19	52915323	52917858	2	2	1	0	6	25
chr19	52974493	53100395	1	1	0	0	5	46
chr19	53800074	53839634	1	1	0	0	1	34
chr19	55959490	55990595	1	3	0	0	15	41
chr19	56223835	56224662	2	2	1	0	1	24
chr19	57257789	57258084	2	2	0	0	1	17
chr19	57819946	57853775	1	1	0	0	3	35
chr19	57820550	57856106	1	1	1	0	2	18
chr19	57839150	57840837	1	1	1	0	1	16
chr19	57850072	57853775	1	1	1	0	4	6
chr19	57858612	57858745	1	1	0	0	1	37
chr19	57909945	57910078	2	2	0	0	1	37
chr19	58404322	58405840	1	1	0	0	1	44
chr20	5110428	5110944	1	3	0	0	2	39
chr20	5728829	5749786	2	2	0	0	1	17
chr20	5738606	5743016	2	2	0	0	1	21
chr20	15206937	15234232	2	2	0	0	2	33
chr20	15377123	15401270	2	2	0	0	1	39
chr20	23139972	23243589	2	2	0	0	3	34
chr20	25751339	25752562	1	1	1	0	1	25
chr20	28590615	28591393	2	2	1	0	1	19
chr20	29080740	29082601	1	1	1	0	1	7
chr20	29081403	29082601	1	1	1	0	3	12
chr20	29082664	29091593	1	1	1	0	2	16
chr20	29091720	29092500	1	1	1	0	1	19
chr20	29096833	29100368	0	0	1	0	3	21
chr20	29101551	29102725	1	1	1	0	2	21
chr20	29480183	29481357	2	2	1	0	7	34
chr20	29481469	29482453	2	2	1	0	26	45
chr20	29485842	29488098	0	0	1	0	1	18
chr20	29494956	29496149	2	2	1	0	4	43
chr20	29494956	29496812	2	2	1	0	1	7
chr20	32428804	32428938	1	3	0	0	1	21
chr20	32599380	32637388	2	2	0	0	1	25
chr20	33389213	33389625	1	1	0	0	3	19
chr20	34101906	34196405	2	2	0	0	6	46
chr20	34106967	34143749	1	1	0	0	1	39
chr20	34133365	34223913	2	2	0	0	4	36
chr20	35402364	35441338	1	1	0	0	1	45
chr20	35746854	35763814	1	3	0	0	1	27
chr20	35847435	35852935	1	1	0	0	2	13
chr20	36490980	36535543	1	1	0	0	1	46
chr20	36673645	36696325	2	2	0	0	1	29
chr20	43494516	43511753	2	4	0	0	1	27
chr20	43606708	43606966	1	1	0	0	1	24
chr20	51680003	51710074	1	1	0	0	1	41
chr20	51809943	51825366	1	1	0	0	2	39
chr20	51842037	51936283	1	1	0	0	2	43
chr20	51859535	51899581	2	2	0	0	1	47
chr20	53349625	53383733	2	4	0	0	1	27
chr20	53565544	53628742	1	1	0	0	2	46
chr20	62260761	62343917	1	1	0	0	2	19
chr20	63630210	63826507	1	1	0	0	7	46
chr21	6256618	6328670	1	1	0	0	2	18
chr21	6318605	6320844	1	1	1	0	9	19
chr21	6318605	6320871	1	1	1	0	28	41
chr21	6318605	6320882	1	1	1	0	6	38
chr21	6318605	6724392	1	1	0	0	4	43
chr21	6318605	7051461	1	1	0	0	4	43
chr21	6320907	6724392	1	1	0	0	6	13
chr21	6320975	6322599	1	1	1	0	4	39
chr21	6321503	6321564	0	0	0	0	3	36
chr21	6322698	6329547	1	1	1	0	46	47
chr21	6324087	6329547	1	1	1	0	3	34
chr21	6327660	6328657	2	2	0	0	2	45
chr21	6328463	6328579	2	2	0	0	2	20
chr21	6329608	6354357	1	1	1	0	3	3
chr21	6329624	6330865	1	1	1	0	2	39
chr21	6329624	6332408	1	1	1	0	1	10
chr21	6329624	6353085	1	1	1	0	1	36
chr21	6348305	6353085	1	1	1	0	3	41
chr21	6351209	6353817	1	1	0	0	4	46
chr21	6634769	6659518	2	2	1	0	3	3
chr21	6635309	6637917	2	2	0	0	4	46
chr21	6636041	6640821	2	2	1	0	3	41
chr21	6636041	6659502	2	2	1	0	1	36
chr21	6656718	6659502	2	2	1	0	1	10
chr21	6658261	6659502	2	2	1	0	2	38
chr21	6659579	6665039	2	2	1	0	3	34
chr21	6659579	6666428	2	2	1	0	46	47
chr21	6660456	6732509	2	2	0	0	2	18
chr21	6660469	6661466	1	1	0	0	2	45
chr21	6660547	6660663	1	1	0	0	2	20
chr21	6666527	6668151	2	2	1	0	4	39
chr21	6667557	6667618	0	0	0	0	3	41
chr21	6668244	6670521	2	2	1	0	6	38
chr21	6668255	6670521	2	2	1	0	28	41
chr21	6668282	6670521	2	2	1	0	3	19
chr21	6721992	6724231	1	1	1	0	6	19
chr21	6721992	6724392	1	1	1	0	2	36
chr21	6724294	6724392	1	1	1	0	6	13
chr21	6986649	6992109	2	2	1	0	3	34
chr21	6986649	6993498	2	2	1	0	42	47
chr21	6987526	7059578	2	2	0	0	2	18
chr21	6987539	6988536	1	1	0	0	2	45
chr21	6987617	6987733	1	1	0	0	2	20
chr21	6993597	6995221	2	2	1	0	4	39
chr21	6994627	6994688	0	0	0	0	3	41
chr21	6995191	6997591	2	2	1	0	2	36
chr21	6995314	6997591	2	2	1	0	6	38
chr21	6995325	6997591	2	2	1	0	28	41
chr21	6995352	6997591	2	2	1	0	3	19
chr21	7081214	7083362	1	1	1	0	1	29
chr21	7462992	7465140	1	1	1	0	1	29
chr21	7673265	7675413	2	2	1	0	1	29
chr21	8759139	8761275	1	1	1	0	1	18
chr21	9070445	9127488	2	2	1	0	1	24
chr21	9077715	9127488	2	2	1	0	2	18
chr21	9124422	9127488	2	2	1	0	1	27
chr21	22361511	22614923	1	3	0	0	17	41
chr21	31032261	31096693	1	1	0	0	2	46
chr21	31369025	31567305	1	1	0	0	4	46
chr21	33702348	33730926	2	2	0	0	1	41
chr21	36432138	36476547	1	1	0	0	2	45
chr22	11714811	11716617	1	1	0	0	2	46
chr22	11716971	11717621	2	4	0	0	1	18
chr22	11827659	11832760	1	1	1	0	1	8
chr22	12156622	12157272	1	1	0	0	1	14
chr22	12159593	12164722	2	2	1	0	1	8
chr22	17421401	17481901	1	1	0	0	2	39
chr22	17635942	17801385	2	2	0	0	7	46
chr22	17641084	17645002	1	1	0	0	1	36
chr22	18136396	18137413	1	1	0	0	11	44
chr22	18170921	18177237	1	1	0	0	2	39
chr22	18173843	18176771	1	1	1	0	3	33
chr22	18345449	18345752	1	1	1	0	4	43
chr22	18516648	18516951	2	2	1	0	4	43
chr22	18773969	18774272	2	2	1	0	4	43
chr22	19270602	19312037	2	2	0	0	1	27
chr22	19297980	19312037	2	2	0	0	1	27
chr22	19594892	19628946	1	1	0	0	1	41
chr22	20058505	20060207	1	1	0	0	1	24
chr22	20623428	20876483	2	2	0	0	4	21
chr22	20716283	20746294	2	2	0	0	1	36
chr22	20723485	20755587	1	1	0	0	1	44
chr22	21103227	21115928	1	1	1	0	1	46
chr22	21106246	21115928	1	1	1	0	9	6
chr22	21118950	21121938	1	1	1	0	2	6
chr22	21358993	21543044	0	0	0	0	34	45
chr22	21391720	21428465	1	1	0	0	1	46
chr22	21504047	21507246	1	1	0	0	1	31
chr22	21615341	21664905	1	1	0	0	2	41
chr22	21615341	21680614	1	1	0	0	2	41
chr22	21652311	21656560	2	2	1	0	1	5
chr22	21667239	21715845	2	2	0	0	2	16
chr22	23967023	23967385	1	1	1	0	391	46
chr22	23967029	23967385	1	1	0	0	1	32
chr22	23971596	23973767	2	2	0	0	2	25
chr22	23971624	23973104	2	2	1	0	5	35
chr22	23971624	23973553	2	2	0	0	5	42
chr22	23971624	23973767	2	2	1	0	386	46
chr22	23973344	23973767	2	2	1	0	1	43
chr22	23973348	23973767	2	2	1	0	1	22
chr22	23973944	23974300	2	2	0	0	1	32
chr22	23973944	23974306	2	2	1	0	391	46
chr22	24490460	24545823	2	2	0	0	2	21
chr22	28872862	28876826	2	2	0	0	3	20
chr22	30405043	30531379	2	2	0	0	3	27
chr22	30770682	30773122	1	1	1	0	1	4
chr22	31796742	31888294	1	3	0	0	2	27
chr22	33297762	33324013	2	2	0	0	2	36
chr22	38577392	38646494	2	2	0	0	7	46
chr22	38674021	38690846	2	2	0	0	3	39
chr22	41062915	41082994	1	1	0	0	2	32
chr22	41211793	41236107	1	1	0	0	1	43
chr22	41738374	41760094	1	1	0	0	1	46
chr22	42498153	42536805	1	1	0	0	2	13
chr22	42747179	42800571	1	1	0	0	2	13
chr22	43088576	43116689	2	2	0	0	5	46
chr22	43088576	43194273	2	2	0	0	4	46
chr22	49831005	49879042	1	3	0	0	1	24
chr22	50426575	50426708	2	4	0	0	1	28
chrX	693328	796180	2	2	0	0	3	44
chrX	764707	782477	2	2	0	0	12	39
chrX	1072953	1107501	1	1	0	0	1	39
chrX	1120131	1159395	2	2	0	0	1	35
chrX	1132856	1141014	1	1	0	0	1	44
chrX	1162496	1242809	1	1	0	0	2	44
chrX	1196419	1254492	2	2	0	0	2	26
chrX	1287480	1304335	1	1	0	0	1	18
chrX	1398255	1426918	1	1	0	0	1	21
chrX	1668903	1674424	2	2	0	0	1	39
chrX	1669199	1674424	2	2	0	0	1	39
chrX	1876920	1901905	2	2	0	0	2	39
chrX	7843306	7843497	1	1	1	0	1	40
chrX	7843873	7843992	1	1	1	0	2	15
chrX	8170350	8170541	2	2	1	0	3	40
chrX	8465553	8465744	1	1	1	0	2	14
chrX	16636710	16668359	1	1	0	0	1	41
chrX	16701854	16732526	2	4	0	0	1	38
chrX	18356454	18383767	2	4	0	0	3	39
chrX	24112566	24140929	1	1	0	0	4	34
chrX	28985892	29008408	2	2	0	0	1	31
chrX	40938005	40966945	2	2	0	0	1	27
chrX	40960508	41001153	1	1	0	0	1	30
chrX	46462875	46463197	1	1	1	0	2	18
chrX	46626506	46639513	2	2	0	0	3	24
chrX	48198948	48245119	1	1	0	0	1	31
chrX	48385444	48388590	0	0	0	0	3	33
chrX	48423440	48446991	1	1	0	0	1	42
chrX	48544400	48549583	2	2	0	0	1	32
chrX	48568181	48574478	2	2	1	0	1	34
chrX	48578355	48767408	2	2	0	0	3	33
chrX	49020831	49025689	1	1	0	0	1	33
chrX	49097739	49194790	2	2	0	0	3	32
chrX	51491750	51495950	2	2	1	0	2	34
chrX	51840663	51871500	2	2	0	0	4	40
chrX	51897887	51898113	1	1	1	0	2	24
chrX	51898194	51898284	1	1	1	0	10	42
chrX	51898328	51898580	1	1	1	0	2	29
chrX	52064544	52064628	2	2	1	0	1	37
chrX	52495910	52497315	1	1	1	0	1	15
chrX	52496230	52497315	1	1	1	0	1	30
chrX	52497458	52497984	1	1	1	0	14	46
chrX	52498112	52500701	1	1	1	0	26	47
chrX	52512188	52514777	2	2	1	0	26	47
chrX	52514905	52515431	2	2	1	0	14	46
chrX	52515574	52516659	2	2	1	0	1	30
chrX	52515574	52516979	2	2	1	0	1	15
chrX	52515574	52520708	2	4	1	0	3	5
chrX	52698089	52700442	2	2	1	0	1	27
chrX	52757990	52760343	1	1	1	0	1	27
chrX	53345183	53360547	2	2	0	0	5	43
chrX	63155216	63155534	1	1	0	0	1	25
chrX	63223414	63223732	2	2	0	0	1	25
chrX	66842786	66947635	2	2	0	0	3	40
chrX	66961050	66971287	1	1	0	0	2	29
chrX	70461616	70470273	1	3	0	0	1	27
chrX	71260182	71405512	1	3	0	0	7	37
chrX	71347571	71353690	2	2	0	0	1	33
chrX	71415368	71418997	2	2	0	0	1	41
chrX	74486586	74661163	1	1	0	0	3	38
chrX	75589081	75619098	2	2	0	1	0	34
chrX	77831262	77892139	2	2	0	0	5	43
chrX	77831262	77963845	2	2	0	0	5	43
chrX	81319731	81339936	1	1	0	0	1	35
chrX	100945780	100960127	2	4	0	0	1	25
chrX	101005162	101059230	1	1	0	0	2	30
chrX	101615433	101616864	1	3	0	0	1	43
chrX	101615468	101616671	2	2	0	0	1	42
chrX	101615501	101617923	2	4	0	0	3	14
chrX	101615761	101616671	2	2	1	0	22	45
chrX	102048457	102187310	1	1	0	0	5	38
chrX	102326324	102326469	1	1	1	0	2	40
chrX	102360646	102360791	2	2	1	0	2	40
chrX	103215765	103216148	1	1	1	0	8	28
chrX	103309982	103310357	2	2	1	0	10	28
chrX	103310434	103310859	2	2	1	0	1	5
chrX	103310434	103310895	2	2	1	0	2	11
chrX	103962724	103964505	1	1	1	0	43	46
chrX	103964623	103965538	1	1	1	0	49	29
chrX	103964623	103976983	1	1	0	0	2	26
chrX	103972482	103974653	0	0	0	0	3	41
chrX	103977190	103978011	1	1	0	0	1	35
chrX	104060850	104061672	2	2	0	0	1	35
chrX	104060850	104061682	2	4	1	0	14	44
chrX	104061879	104062078	2	2	1	0	7	17
chrX	104061879	104074240	2	2	0	0	2	26
chrX	104064215	104066387	2	2	0	0	3	35
chrX	104073325	104074240	2	2	1	0	49	29
chrX	104074358	104076139	2	2	1	0	43	46
chrX	119207451	119209166	2	2	0	0	1	32
chrX	120077289	120077473	2	2	1	0	1	38
chrX	120158830	120159014	1	1	1	0	1	38
chrX	123802873	123812267	1	1	0	0	1	40
chrX	129941829	129943642	2	2	0	0	2	28
chrX	134811550	134811597	1	3	0	0	2	28
chrX	135032576	135032897	1	1	0	0	2	43
chrX	135051369	135051916	2	2	1	0	22	27
chrX	138119631	138142237	1	1	0	0	1	18
chrX	141010141	141079164	1	1	0	0	3	14
chrX	141508234	141577249	2	2	0	0	3	14
chrX	149545884	149546738	1	1	1	0	15	41
chrX	149546918	149549415	1	1	1	0	1	11
chrX	149547200	149547247	1	1	0	0	1	16
chrX	149930082	149932588	2	2	1	0	3	47
chrX	149932259	149932306	2	2	0	0	1	16
chrX	149932346	149932433	0	0	0	0	3	33
chrX	149932768	149933621	2	2	1	0	15	41
chrX	154088692	154121167	2	2	0	0	2	39
chrX	154552190	154556164	1	1	1	0	3	39
chrX	154562954	154563558	1	1	1	0	4	15
chrX	154563702	154563958	1	1	1	0	1	13
chrX	154564021	154564318	1	1	1	0	1	37
chrX	154640119	154640416	2	2	1	0	1	37
chrX	154640479	154640735	2	2	1	0	1	13
chrX	154640879	154641484	2	2	1	0	4	15
chrX	154652268	154652496	2	2	1	0	1	11
chrX	154921988	154945128	2	2	0	0	1	19
chrX	155348891	155349581	1	1	1	0	5	25
chrX	155491667	155492356	2	2	1	0	5	25
chrX	155492496	155506897	2	2	1	0	7	42
chrX	155598487	155672999	1	1	0	0	4	13
chrY	693328	796180	2	2	0	0	3	44
chrY	764707	782477	2	2	0	0	12	39
chrY	1072953	1107501	1	1	0	0	1	39
chrY	1120131	1159395	2	2	0	0	1	35
chrY	1132856	1141014	1	1	0	0	1	44
chrY	1162496	1242809	1	1	0	0	2	44
chrY	1196419	1254492	2	2	0	0	2	26
chrY	1287480	1304335	1	1	0	0	1	18
chrY	1398255	1426918	1	1	0	0	1	21
chrY	1668903	1674424	2	2	0	0	1	39
chrY	1669199	1674424	2	2	0	0	1	39
chrY	1876920	1901905	2	2	0	0	2	39
chrY	9785216	9838832	1	1	0	0	3	26
chrY	13298727	13311567	2	4	0	0	1	24
MU273365.1	9709	56833	1	1	0	0	1	46
ML143376.1	402540	404513	2	4	0	0	1	29
MU273366.1	387245	430029	2	4	0	0	1	39
MU273333.1	886578	886701	2	2	1	0	1	19
MU273333.1	989703	991375	1	1	0	0	3	36
KZ208917.1	6199	45928	1	1	0	0	1	41
KZ208911.1	28579	31078	2	2	0	0	2	45
KZ559108.1	227856	240556	1	1	0	0	1	32
ML143359.1	142233	156298	1	1	0	0	1	18
MU273342.1	88635	92761	1	1	1	0	1	24
MU273342.1	92877	93041	1	1	1	0	23	44
MU273342.1	93216	97584	1	1	1	0	1	7
MU273342.1	154632	156295	1	1	1	0	1	18
MU273342.1	158332	192049	1	1	0	0	3	21
MU273342.1	163989	165675	1	1	1	0	1	11
MU273342.1	165705	188239	1	1	0	0	1	29
MU273342.1	167207	170942	2	2	0	0	5	34
MU273342.1	177092	178765	1	1	1	0	1	11
MU273342.1	178795	178888	1	1	1	0	1	29
MU273342.1	186440	188116	1	1	1	0	3	11
MU273342.1	188146	188239	1	1	1	0	4	29
MU273342.1	188313	189998	1	1	1	0	12	29
MU273342.1	188313	190122	1	1	0	0	1	41
MU273342.1	190028	190122	1	1	1	0	11	29
MU273342.1	190196	191874	1	1	1	0	10	29
MU273342.1	191904	191997	1	1	1	0	14	32
MU273342.1	192071	193747	1	1	1	0	8	22
MU273342.1	193777	193871	1	1	1	0	2	10
MU273342.1	193945	199503	1	1	1	0	7	35
MU273342.1	193945	199506	1	1	1	0	36	44
MU273342.1	199578	208427	1	1	1	0	41	42
MU273342.1	199578	215963	1	1	0	0	1	32
MU273342.1	208522	215963	1	1	0	0	4	26
MU273342.1	208570	209822	1	1	0	0	1	37
MU273342.1	208570	215963	1	1	1	0	67	44
MU273342.1	209900	215963	1	1	0	0	1	27
MU273342.1	216039	216097	1	1	0	0	1	22
MU273342.1	216178	218543	1	1	1	0	8	14
MU273342.1	218728	219854	1	1	1	0	2	16
MU273342.1	220770	222173	1	1	1	0	4	28
MU273342.1	223913	224249	1	1	1	0	11	40
MU273342.1	259484	259575	1	1	1	0	6	19
MU273342.1	259706	260000	1	1	1	0	1	28
MU273342.1	259706	266237	1	1	1	0	9	30
MU273342.1	260063	260162	1	1	0	0	2	30
MU273342.1	260222	266237	1	1	1	0	3	39
MU273342.1	391391	397669	0	0	0	0	4	44
MU273342.1	397279	397378	2	2	0	0	2	30
MU273342.1	397441	397735	2	2	0	0	1	30
MU273342.1	433689	434025	2	2	1	0	11	40
MU273342.1	435765	437168	2	2	1	0	4	28
MU273342.1	438084	439210	2	2	1	0	2	16
MU273342.1	439395	441762	2	2	1	0	8	14
MU273342.1	441977	448026	2	2	0	0	1	27
MU273342.1	441977	449356	2	2	1	0	67	44
MU273342.1	441977	449404	2	2	0	0	4	26
MU273342.1	441977	458341	2	2	0	0	1	32
MU273342.1	449499	458341	2	2	1	0	25	42
MU273342.1	458413	462330	2	2	0	0	1	20
MU273342.1	458416	462330	2	2	1	0	5	35
MU273342.1	462404	462498	2	2	1	0	1	10
MU273342.1	462528	464198	2	2	1	0	11	20
MU273342.1	464272	464365	2	2	1	0	15	30
MU273342.1	464395	466064	2	2	1	0	7	29
MU273342.1	466261	467941	2	2	1	0	1	20
MU273342.1	468015	468109	2	2	1	0	11	29
MU273342.1	468015	469820	2	2	0	0	1	41
MU273342.1	468139	469820	2	2	1	0	12	29
MU273342.1	469894	469987	2	2	1	0	4	29
MU273342.1	470017	471696	2	2	1	0	3	11
MU273342.1	471770	475616	2	2	0	0	2	29
MU273342.1	475523	475616	2	2	1	0	1	22
MU273342.1	475646	477319	2	2	1	0	3	29
MU273342.1	477512	479198	2	2	1	0	1	12
MU273342.1	479272	479373	2	2	1	0	1	9
MU273342.1	481164	481256	2	2	1	0	1	29
MU273342.1	481286	482967	2	2	1	0	1	11
MU273342.1	483041	483134	2	2	1	0	1	32
MU273342.1	486892	510974	2	2	1	0	1	12
MU273342.1	506600	510974	2	2	1	0	5	31
MU273342.1	511149	511314	2	2	1	0	23	44
MU273342.1	511430	515555	2	2	1	0	2	38
MU273374.1	779941	787767	1	1	1	0	7	43
MU273374.1	956407	956890	1	1	0	0	1	45
MU273374.1	1006881	1018626	2	2	1	0	5	47
MU273374.1	1046917	1061350	2	2	1	0	1	21
ML143371.1	41773	47612	1	1	0	0	1	16
ML143371.1	3731154	3882605	1	1	0	0	3	39
ML143371.1	4223660	4223719	1	3	0	0	8	28
ML143371.1	4224851	4225506	1	1	1	0	1	23
ML143371.1	4275422	4276077	2	2	1	0	1	23
ML143371.1	4277236	4277295	2	4	0	0	8	28
ML143371.1	4395490	4396816	2	2	0	0	2	45
KV575244.1	301888	348588	1	1	0	0	1	27
KV575244.1	341109	344942	1	1	0	0	1	28
KV575244.1	410664	451175	1	1	0	0	1	44
KZ208912.1	227783	229689	1	1	0	0	1	17
KZ208912.1	395756	397662	2	2	0	0	1	17
KV880768.1	267267	608377	1	3	0	0	4	41
KV880768.1	562258	607734	2	2	0	0	1	47
KV880768.1	562946	608344	2	2	0	0	3	43
KV880768.1	1230537	1660270	2	4	0	0	4	41
KV880768.1	1663182	1708980	1	1	0	0	1	47
KV880768.1	1772633	1798605	1	1	0	0	1	45
GL383546.1	170576	255250	2	2	0	0	3	42
GL383554.1	23021	24386	1	1	1	0	1	4
GL383554.1	154062	187604	2	2	0	0	1	20
KI270905.1	730280	763821	2	2	0	0	1	20
KI270905.1	2371309	2372161	1	1	1	0	3	37
KI270905.1	2378193	2378287	1	1	1	0	2	16
KI270905.1	2416564	2423339	1	1	0	0	2	30
KI270905.1	2668257	2671738	2	2	1	0	1	40
KI270905.1	2671864	2678129	2	2	1	0	1	21
KI270905.1	3746215	3984457	2	2	0	0	4	46
KI270850.1	86731	175368	1	1	0	0	2	45
KI270850.1	174412	239861	1	1	0	0	2	44
KI270850.1	266379	266473	2	2	1	0	2	30
KI270850.1	266663	302998	2	2	1	0	2	7
KI270853.1	292789	292951	1	1	1	0	1	15
KI270853.1	298969	299153	2	2	0	0	1	24
KI270853.1	299026	299153	2	2	0	0	2	30
KI270853.1	299095	299153	2	2	0	0	1	24
KI270853.1	537264	537357	1	1	1	0	1	10
KI270853.1	537786	539447	1	1	1	0	7	44
KI270853.1	538092	539552	2	4	0	0	2	24
KI270853.1	539565	550694	1	1	1	0	2	35
KI270853.1	550824	555176	1	1	1	0	2	19
KI270853.1	555306	558925	1	1	1	0	1	19
KI270853.1	653557	659924	2	2	1	0	3	35
KI270853.1	680845	680919	1	1	0	0	2	12
KI270853.1	680845	681345	1	1	0	0	3	21
KI270853.1	717653	717780	1	1	0	0	2	30
KI270853.1	717653	717837	1	1	0	0	1	24
KI270853.1	717653	717906	1	1	0	0	1	30
KI270853.1	717838	717906	1	1	0	0	1	19
KI270853.1	718118	718910	2	2	1	0	1	32
KI270853.1	722959	723128	1	1	0	0	1	47
KI270853.1	727927	732086	2	2	1	0	5	23
KI270853.1	727927	734339	2	2	0	0	4	46
KI270853.1	734473	735937	1	3	0	0	2	24
KI270853.1	734578	736243	2	2	1	0	8	44
KI270853.1	736371	736460	2	2	1	0	4	20
KI270853.1	736672	736765	2	2	1	0	1	10
KI270853.1	744381	744770	2	2	1	0	2	29
KI270853.1	753855	753975	2	2	1	0	2	30
KI270853.1	754048	759678	2	2	1	0	2	46
KI270853.1	785931	786100	2	2	0	0	1	47
KI270853.1	791169	791225	2	2	0	0	1	38
KI270853.1	791169	791294	2	2	0	0	1	44
KI270853.1	814324	837099	1	1	1	0	1	3
KI270853.1	827680	828180	2	2	0	0	3	21
KI270853.1	828106	828180	2	2	0	0	2	12
KI270853.1	849110	855472	1	1	1	0	3	35
KI270853.1	851081	870209	2	2	0	0	3	33
KI270853.1	1021667	1021735	1	1	0	0	1	14
KI270853.1	1021805	1021861	1	1	0	0	2	43
KI270853.1	1022016	1023374	2	2	1	0	5	36
KI270853.1	1023411	1023519	2	2	1	0	3	18
KI270853.1	1027802	1027964	2	2	1	0	2	33
GL000258.2	176443	176808	1	1	0	0	2	39
GL000258.2	562319	563074	1	1	1	0	1	25
KI270862.1	238398	284028	2	2	0	0	2	46
KI270908.1	1133170	1141990	1	3	0	0	5	34
KI270857.1	1502367	1540763	1	1	0	0	1	16
KI270857.1	2117619	2129115	2	2	0	0	1	19
KI270857.1	2167367	2173560	1	1	0	0	2	46
KI270857.1	2335913	2353108	1	1	0	0	1	39
GL949753.2	358385	389859	2	2	0	0	1	15
KI270879.1	203386	203748	1	1	1	0	391	46
KI270879.1	203392	203748	1	1	0	0	1	32
KI270879.1	207960	210131	2	2	0	0	2	25
KI270879.1	207988	209468	2	2	1	0	5	35
KI270879.1	207988	209917	2	2	0	0	5	42
KI270879.1	207988	210131	2	2	1	0	386	46
KI270879.1	209708	210131	2	2	1	0	1	43
KI270879.1	209712	210131	2	2	1	0	1	22
KI270879.1	210308	210664	2	2	0	0	1	32
KI270879.1	210308	210670	2	2	1	0	391	46
MU273338.1	169129	172061	2	4	0	0	1	21
MU273338.1	293668	335585	2	2	0	0	1	27
MU273340.1	241402	242183	1	1	0	0	2	19
MU273340.1	269622	269878	2	2	1	0	3	35
KQ983256.1	158937	200287	1	1	0	0	1	46
KI270897.1	112926	114413	1	1	0	0	1	40
KI270897.1	112926	134848	1	1	0	0	1	40
KI270897.1	133361	134848	1	1	0	0	1	40
KI270897.1	184171	186137	2	2	0	0	2	32
KI270897.1	293134	331176	1	1	0	0	1	42
KI270897.1	492452	523803	2	2	0	0	1	33
KI270897.1	492452	549186	2	2	0	0	3	46
KI270897.1	492452	651350	2	2	0	0	3	46
KI270897.1	493790	523803	2	2	0	0	1	42
KI270897.1	665696	668305	2	2	1	0	1	35
KI270897.1	719638	719725	2	2	1	0	1	34
KI270897.1	723423	727896	2	2	1	0	1	19
GL339449.2	343352	348049	1	1	1	0	2	28
GL339449.2	348139	349080	1	1	1	0	2	7
GL339449.2	349145	377779	1	3	0	0	2	23
GL339449.2	350003	350675	1	1	1	0	4	26
GL339449.2	350727	351101	1	1	1	0	7	24
GL339449.2	351157	355387	1	1	1	0	6	23
GL339449.2	351157	375153	1	1	1	0	2	45
GL339449.2	355494	361685	1	1	1	0	10	7
GL339449.2	361777	361994	1	1	1	0	10	34
GL339449.2	362083	362730	1	1	1	0	29	45
GL339449.2	362839	365337	1	1	1	0	29	46
GL339449.2	365402	368557	1	1	1	0	26	45
GL339449.2	365402	373290	1	1	0	0	3	40
GL339449.2	368662	369217	1	1	1	0	74	47
GL339449.2	369321	371899	1	1	0	0	1	24
GL339449.2	369321	373290	1	1	1	0	140	40
GL339449.2	373331	375041	1	1	1	0	122	41
GL339449.2	374532	375041	1	1	0	0	3	17
GL339449.2	381378	381867	1	1	0	0	3	20
GL339449.2	432427	442577	1	3	0	0	1	32
GL339449.2	439479	444187	2	2	0	0	1	44
GL339449.2	822065	823384	1	1	0	0	2	32
GL339449.2	960465	962422	1	1	0	0	1	35
GL339449.2	963352	991952	2	4	0	0	2	23
GL339449.2	966092	966601	2	2	0	0	3	17
GL339449.2	966092	967802	2	2	1	0	122	41
GL339449.2	967843	971777	2	2	1	0	140	40
GL339449.2	967843	975701	2	2	0	0	3	40
GL339449.2	969239	971777	2	2	0	0	1	24
GL339449.2	971881	972436	2	2	1	0	74	47
GL339449.2	972541	975701	2	2	1	0	26	45
GL339449.2	975766	978266	2	2	1	0	29	46
GL339449.2	978375	979022	2	2	1	0	29	45
GL339449.2	979111	979328	2	2	1	0	2	46
GL339449.2	979420	985595	2	2	1	0	17	47
GL339449.2	985702	989940	2	2	1	0	6	28
GL339449.2	989996	990370	2	2	1	0	6	30
GL339449.2	990422	991094	2	2	1	0	4	26
GL339449.2	992017	992958	2	2	1	0	2	7
GL339449.2	993048	997739	2	2	1	0	2	28
GL339449.2	1029676	1033623	1	1	0	0	1	44
KI270795.1	93756	101223	2	2	0	0	121	46
KI270898.1	89128	98149	2	2	0	0	121	46
MU273397.1	179666	184524	1	1	0	0	1	33
KI270728.1	1720201	1721339	1	1	0	0	2	34
KI270728.1	1839084	1840272	2	2	0	0	2	34
KI270743.1	68418	70438	1	1	1	0	1	20
KI270743.1	69018	70438	1	1	1	0	1	21
KI270743.1	190569	206048	2	2	1	0	1	43
KI270743.1	206108	207517	2	2	1	0	1	21
