chr1	1316132	1318887	1	1	0	0	2	45
chr1	1909478	1910248	1	1	1	0	1	46
chr1	6204186	6382333	1	3	0	0	8	43
chr1	6415824	6534848	1	3	0	0	4	27
chr1	6517230	6527169	2	2	0	0	1	20
chr1	6561497	6567345	1	1	0	0	1	39
chr1	6952216	7037624	1	1	0	0	2	46
chr1	8787657	8851888	2	2	0	0	2	40
chr1	8855084	8903310	1	1	0	0	2	46
chr1	8946855	8978361	1	1	0	0	1	32
chr1	9486011	9519183	1	1	0	0	1	33
chr1	10148001	10190656	1	1	0	0	1	14
chr1	10390411	10458767	2	2	0	0	2	20
chr1	10925707	10936367	1	1	0	0	1	38
chr1	15553317	15580287	2	2	0	0	1	42
chr1	15806117	15826411	2	2	0	0	2	40
chr1	15869928	15872546	1	1	0	0	1	27
chr1	16520788	16521563	1	1	1	0	3	25
chr1	16649950	16650073	1	1	1	0	7	43
chr1	16668975	16669663	1	1	1	0	4	16
chr1	16737801	16738489	2	2	1	0	4	16
chr1	16757394	16757517	2	2	1	0	7	43
chr1	16757658	16757753	2	2	1	0	1	27
chr1	16888783	16889547	2	2	1	0	3	25
chr1	20916383	21291762	1	1	0	0	7	38
chr1	21585554	21588486	1	1	0	0	1	41
chr1	21943856	21953936	1	3	0	0	1	28
chr1	23721958	23725013	1	1	0	0	1	15
chr1	23731555	23733652	1	3	0	0	1	23
chr1	25253597	25363177	1	1	0	0	3	43
chr1	25301094	25301519	1	1	1	0	3	28
chr1	25321963	25328897	1	1	1	0	1	40
chr1	25362554	25370466	2	2	1	0	1	40
chr1	25370541	25375348	2	2	1	0	1	27
chr1	25375429	25385710	2	2	1	0	1	30
chr1	25390916	25391993	2	2	1	0	3	28
chr1	25764984	25882738	1	1	0	0	3	47
chr1	26925953	26974936	2	2	0	0	1	39
chr1	27473384	27501070	1	1	0	0	1	39
chr1	27679372	27712289	1	1	0	0	2	46
chr1	28239789	28240398	1	3	0	0	2	33
chr1	28328503	28509336	1	1	0	0	4	20
chr1	28508906	28509336	1	1	0	0	1	23
chr1	28509434	28509523	1	1	0	0	1	41
chr1	28515360	28515652	1	1	0	0	1	41
chr1	28569974	28583993	2	4	0	0	1	27
chr1	29287677	29302631	2	2	0	0	1	34
chr1	30997434	31168072	1	1	0	0	4	16
chr1	31056834	31107326	2	2	0	0	2	22
chr1	31223677	31251387	2	2	0	0	2	44
chr1	32708497	32923537	2	4	0	0	4	27
chr1	36311473	36356657	2	2	0	0	1	39
chr1	37913132	37941812	2	2	0	0	1	28
chr1	39523118	39523854	1	1	0	0	3	30
chr1	39762360	39763091	2	2	0	0	3	30
chr1	40251103	40288144	2	2	0	0	1	17
chr1	42277448	42277582	1	1	0	0	4	46
chr1	44552802	44607721	2	2	0	0	10	46
chr1	46358594	46398721	1	1	0	0	1	28
chr1	46836138	46851980	1	1	0	0	1	44
chr1	52092505	52136246	2	4	0	0	1	27
chr1	52398309	52406033	1	3	0	0	1	18
chr1	52662459	52706775	2	2	0	0	1	47
chr1	52682420	52689810	1	1	0	0	1	41
chr1	61981717	62015577	1	1	0	0	1	27
chr1	62158415	62186402	2	2	0	0	1	44
chr1	91824747	91835613	1	1	0	0	8	46
chr1	100360166	100360555	1	1	0	0	1	41
chr1	103571771	103572109	1	1	1	0	3	33
chr1	103573939	103574259	1	1	1	0	1	36
chr1	103574394	103575222	1	1	1	0	2	18
chr1	103577609	103577719	1	1	1	0	2	5
chr1	103577846	103579310	1	1	1	0	2	18
chr1	103619785	103620550	1	1	1	0	1	36
chr1	103623985	103624095	1	1	1	0	2	5
chr1	103663012	103664330	1	1	1	0	2	18
chr1	103687639	103688957	2	2	1	0	2	18
chr1	103689084	103689193	2	2	1	0	2	5
chr1	103692561	103693299	2	2	1	0	1	36
chr1	103696444	103704288	0	0	0	0	8	37
chr1	108798647	108817737	2	2	0	0	5	39
chr1	108798647	109055351	2	2	0	0	5	39
chr1	108908177	109012378	2	4	0	0	3	28
chr1	109218303	109234901	1	1	0	0	1	43
chr1	110975171	111010736	2	2	0	0	6	39
chr1	112774025	112774201	1	1	0	0	1	31
chr1	112774025	112774379	1	1	0	0	1	31
chr1	112990112	113028154	2	2	0	0	1	31
chr1	120070012	120076267	1	1	1	0	5	15
chr1	120197318	120197892	1	1	1	0	1	11
chr1	120277672	120277925	1	1	1	0	1	30
chr1	120319315	120319503	1	1	1	0	5	46
chr1	120420119	120427705	1	1	1	0	1	21
chr1	120427848	120436231	1	1	1	0	2	47
chr1	120578882	120579070	2	2	1	0	5	46
chr1	120594768	120620354	2	2	1	0	1	42
chr1	120620466	120620719	2	2	1	0	1	30
chr1	120694305	120781608	1	3	0	0	2	26
chr1	120717306	120723564	2	2	1	0	5	15
chr1	144235847	144243960	0	0	0	0	3	30
chr1	144245316	144245685	2	2	1	0	1	13
chr1	144567718	144568483	1	1	1	0	1	26
chr1	144720691	144721060	1	1	1	0	1	13
chr1	144722409	144730522	0	0	0	0	3	37
chr1	146252153	146263207	1	1	0	0	5	46
chr1	146984986	146985704	1	1	1	0	1	32
chr1	146985757	146986351	1	1	1	0	1	42
chr1	146986525	146987233	1	1	1	0	8	42
chr1	146987286	146987953	1	1	1	0	1	7
chr1	146989747	146990465	1	1	1	0	1	32
chr1	146990518	146991112	1	1	1	0	1	42
chr1	146991286	146991994	1	1	1	0	8	42
chr1	146992047	146992711	1	1	1	0	1	7
chr1	148702897	148713990	1	1	0	0	2	31
chr1	148889530	148889783	1	1	1	0	5	30
chr1	148889895	148915506	1	1	1	0	1	42
chr1	148889895	148929196	1	1	1	0	1	35
chr1	148905327	148922730	1	1	0	0	18	41
chr1	148929274	148931799	1	1	1	0	6	35
chr1	148931924	148932112	1	1	1	0	5	46
chr1	149190532	149197995	2	2	1	0	11	10
chr1	149198172	149198360	2	2	1	0	14	46
chr1	149198485	149201013	2	2	1	0	6	35
chr1	149201091	149240376	2	2	1	0	8	42
chr1	149214787	149240376	2	2	1	0	1	42
chr1	149240488	149240741	2	2	1	0	5	30
chr1	149320931	149321499	2	2	1	0	1	11
chr1	149833115	149834134	1	1	1	0	12	46
chr1	149833856	149834134	1	1	0	0	1	19
chr1	149833865	149834134	1	1	1	0	16	41
chr1	149835027	149835251	1	1	0	0	2	30
chr1	149842253	149851574	1	1	0	0	1	19
chr1	149858569	149858789	2	2	0	0	2	30
chr1	149859682	149859951	2	2	1	0	16	41
chr1	149859682	149859960	2	2	0	0	1	19
chr1	151023505	151119393	1	1	0	0	2	46
chr1	151112010	151119393	1	1	0	0	2	46
chr1	151272288	151273210	2	2	0	0	1	39
chr1	153589809	153620390	1	1	0	0	1	41
chr1	154196105	154290529	1	1	0	0	2	42
chr1	154977409	155039753	2	2	0	0	2	43
chr1	155414424	155449633	2	2	0	0	2	46
chr1	155535175	155580061	1	1	0	0	1	14
chr1	155542290	155543250	2	4	0	0	1	13
chr1	155726528	155726612	1	1	0	0	1	31
chr1	155986254	156016278	1	3	0	0	3	25
chr1	156380270	156383434	2	2	0	0	1	44
chr1	161167796	161174590	2	2	0	0	2	46
chr1	161369160	161371295	1	3	1	0	1	10
chr1	161423995	161424252	2	2	0	0	1	38
chr1	168495486	168786264	2	2	0	0	5	46
chr1	168670680	168730702	0	0	0	0	3	47
chr1	171468688	171469272	1	1	0	0	1	43
chr1	182713343	182724716	2	2	0	0	1	24
chr1	202372575	202372670	1	3	0	0	1	26
chr1	203734176	203752306	2	2	0	0	1	27
chr1	211211901	211219054	2	4	0	0	1	27
chr1	220117315	220121981	2	2	0	0	1	42
chr1	225640984	225805086	2	4	0	0	3	43
chr1	225786986	225789239	1	1	1	0	1	9
chr1	227021895	227064971	2	2	0	0	1	18
chr1	235032016	235090028	1	1	0	0	2	21
chr1	235145016	235194791	2	4	0	0	1	28
chr1	235440203	235518457	2	2	0	0	2	39
chr1	240571476	240581031	2	2	0	0	1	43
chr1	244704754	244827153	1	1	0	0	3	45
chr1	244783804	244830259	1	1	0	0	1	25
chr1	245303431	245470662	2	2	0	0	6	46
chr1	246685555	246810498	2	2	0	0	15	45
chr1	246854085	246862265	1	1	0	0	2	39
chr1	246854085	246938221	1	1	0	0	2	39
chr1	246854085	246940565	1	1	0	0	2	39
chr1	246881761	247006532	2	2	0	0	3	45
chr1	246929975	247006532	2	2	0	0	3	45
chr1	247159814	247171847	2	2	1	0	1	41
chr1	247695390	247778896	2	2	0	0	3	46
chr1	247753826	247778896	2	2	0	0	3	46
chr2	10513698	10541518	1	1	0	0	1	40
chr2	23935011	23935987	1	1	0	0	1	38
chr2	23961747	23973219	0	0	0	0	8	39
chr2	25117541	25182488	1	1	0	0	3	16
chr2	25117541	25287962	1	1	0	0	3	16
chr2	27228674	27252795	2	2	0	0	1	33
chr2	27252962	27267689	2	2	0	0	2	30
chr2	27252962	27276012	2	2	0	0	2	30
chr2	27252962	27293776	2	2	0	0	2	30
chr2	27474039	27670093	2	2	0	0	5	46
chr2	28410931	28441316	2	2	0	0	2	43
chr2	28690437	28691502	2	2	0	0	2	46
chr2	28872543	28909343	1	3	0	0	3	41
chr2	30092344	30190591	2	2	0	0	3	30
chr2	32283800	32313449	2	2	0	0	3	32
chr2	36717491	36864969	2	2	0	0	6	38
chr2	36939209	37034398	1	1	0	0	2	46
chr2	37106817	37106949	1	1	0	0	1	42
chr2	43769088	43817457	2	4	0	0	1	27
chr2	43963227	43980335	2	2	0	0	2	36
chr2	43975896	43976142	2	2	0	0	1	41
chr2	47687639	47703204	1	1	0	0	1	36
chr2	74486891	74494189	2	2	0	0	1	41
chr2	83774281	83915027	2	2	0	0	6	36
chr2	85344349	85344593	2	2	1	0	1	19
chr2	85344733	85345974	2	2	1	0	1	32
chr2	85356668	85361714	1	1	0	0	3	46
chr2	86720810	86721014	1	1	0	0	1	13
chr2	87043985	87047187	2	2	1	0	3	20
chr2	87075714	87075918	2	2	0	0	1	13
chr2	87146630	87149834	1	1	1	0	3	20
chr2	87722420	87725936	1	1	1	0	3	20
chr2	95416429	95416527	2	4	0	0	1	23
chr2	97113937	97118063	1	1	1	0	3	6
chr2	97118179	97118343	1	1	1	0	15	44
chr2	97179934	97181597	1	1	1	0	1	20
chr2	97194755	97194844	1	1	1	0	1	32
chr2	97198492	97198585	1	1	1	0	1	9
chr2	97198659	97200333	1	1	1	0	2	12
chr2	97200363	97200452	1	1	1	0	1	29
chr2	97204264	97205939	1	1	1	0	1	29
chr2	97205969	97206062	1	1	1	0	2	16
chr2	97213448	97213541	1	1	1	0	2	19
chr2	97213615	97215300	1	1	1	0	11	29
chr2	97215330	97215424	1	1	1	0	11	32
chr2	97215498	97217176	1	1	1	0	11	29
chr2	97217206	97217299	1	1	1	0	20	31
chr2	97217373	97219049	1	1	1	0	18	28
chr2	97219079	97219173	1	1	1	0	11	10
chr2	97219079	97224808	1	1	0	0	1	29
chr2	97219247	97224805	1	1	1	0	20	35
chr2	97219247	97224808	1	1	1	0	27	45
chr2	97224880	97233729	1	1	1	0	68	44
chr2	97224880	97241265	1	1	0	0	1	42
chr2	97233824	97245861	1	1	0	0	1	43
chr2	97233872	97241265	1	1	1	0	44	38
chr2	97241480	97243845	1	1	1	0	5	14
chr2	97244030	97245156	1	1	1	0	7	31
chr2	97246072	97247475	1	1	1	0	1	8
chr2	97247629	97249143	1	1	1	0	1	25
chr2	97249215	97249551	1	1	1	0	8	43
chr2	97250174	97250773	1	1	1	0	3	22
chr2	97250174	97264328	1	1	1	0	1	21
chr2	97284786	97284877	1	1	1	0	5	37
chr2	97285008	97291539	1	1	1	0	19	39
chr2	97285524	97291539	1	1	1	0	9	39
chr2	97416406	97422438	2	2	1	0	9	39
chr2	97416406	97422954	2	2	1	0	19	39
chr2	97423085	97423176	2	2	1	0	5	37
chr2	97492856	97507035	2	2	1	0	1	21
chr2	97506436	97507035	2	2	1	0	3	22
chr2	97507658	97507994	2	2	1	0	8	43
chr2	97508066	97509580	2	2	1	0	1	25
chr2	97509734	97511137	2	2	1	0	1	8
chr2	97511348	97523373	2	2	0	0	1	43
chr2	97512053	97513179	2	2	1	0	7	31
chr2	97513364	97515731	2	2	1	0	5	14
chr2	97515946	97523325	2	2	1	0	44	38
chr2	97515946	97532310	2	2	0	0	1	42
chr2	97523468	97532310	2	2	1	0	54	44
chr2	97532382	97536299	2	2	0	0	5	22
chr2	97532385	97536299	2	2	1	0	18	35
chr2	97536497	97538167	2	2	1	0	5	12
chr2	97538241	97538334	2	2	1	0	20	31
chr2	97538364	97540033	2	2	1	0	13	29
chr2	97540107	97540200	2	2	1	0	3	6
chr2	97540230	97541910	2	2	1	0	4	29
chr2	97541984	97542078	2	2	1	0	11	32
chr2	97542108	97543789	2	2	1	0	11	29
chr2	97543863	97543956	2	2	1	0	2	19
chr2	97546998	97556391	1	1	0	0	1	39
chr2	97547609	97547702	2	2	1	0	1	29
chr2	97547732	97549418	2	2	1	0	1	29
chr2	97551362	97551451	2	2	1	0	1	30
chr2	97555133	97555225	2	2	1	0	2	29
chr2	97555255	97556936	2	2	1	0	2	11
chr2	97557010	97557103	2	2	1	0	3	30
chr2	97557133	97558798	2	2	1	0	3	20
chr2	97560861	97584943	2	2	1	0	1	12
chr2	97580569	97584943	2	2	1	0	3	22
chr2	97585118	97585283	2	2	1	0	15	44
chr2	99216115	99301744	1	1	0	0	2	38
chr2	109903413	109914410	1	1	1	0	1	14
chr2	109914478	109915951	1	1	1	0	3	41
chr2	109916657	109919492	1	1	1	0	1	41
chr2	109919644	109920253	1	1	1	0	5	42
chr2	109920347	109921639	1	1	1	0	5	32
chr2	109921689	109924347	1	1	1	0	18	33
chr2	109995715	109995794	1	1	0	0	1	24
chr2	109995755	109995874	1	1	0	0	1	25
chr2	109995755	109996114	1	1	0	0	3	43
chr2	109995795	109995874	1	1	0	0	1	25
chr2	109995795	109996114	1	1	0	0	3	43
chr2	109995835	109996034	1	1	0	0	1	29
chr2	109995955	109996114	1	1	0	0	3	43
chr2	109996075	109996114	1	1	0	0	3	43
chr2	110375276	110375475	2	2	0	0	12	46
chr2	110375276	110375555	2	2	0	0	11	46
chr2	110375276	110375595	2	2	0	0	11	46
chr2	110375276	110375635	2	2	0	0	12	46
chr2	110375676	110375755	2	2	0	0	1	24
chr2	110379311	110382703	2	2	1	0	10	42
chr2	110381769	110382365	1	1	0	0	1	19
chr2	110447161	110449818	2	2	1	0	18	33
chr2	110449868	110451160	2	2	1	0	5	32
chr2	110451254	110451863	2	2	1	0	5	42
chr2	110452015	110454850	2	2	1	0	1	41
chr2	110455556	110457029	2	2	1	0	3	41
chr2	110457097	110468094	2	2	1	0	1	14
chr2	131751586	131766618	1	1	1	0	1	5
chr2	135109815	135127107	2	2	0	0	1	31
chr2	135200992	135264984	1	1	0	0	2	31
chr2	135682823	135702349	2	2	0	0	1	29
chr2	169506127	169506175	1	1	0	0	1	13
chr2	171867284	171868680	2	2	0	0	1	43
chr2	174434202	174537126	2	2	0	0	3	45
chr2	197445058	197458912	2	2	0	0	1	31
chr2	197696380	197696685	2	2	0	0	1	30
chr2	201173754	201188952	2	2	0	0	1	39
chr2	202285577	202286408	1	1	0	0	1	39
chr2	202523777	202557435	2	4	0	0	1	27
chr2	219305474	219379147	2	2	0	0	2	46
chr2	231452263	231452380	1	1	1	0	2	5
chr2	231544999	231609563	1	1	0	0	3	43
chr2	231578274	231609563	1	1	0	0	3	43
chr2	232856026	232866758	1	1	0	0	1	14
chr2	236910490	236910557	1	5	0	0	1	25
chr3	9990911	9995719	2	2	0	0	2	36
chr3	11395815	11399222	2	2	0	0	1	27
chr3	11715077	11761110	1	1	0	0	1	26
chr3	33370200	33522855	1	1	0	0	3	46
chr3	41737601	41778569	2	2	0	0	1	44
chr3	42172928	42183337	2	2	0	0	1	28
chr3	47078819	47135362	2	4	0	0	2	15
chr3	47399864	47444816	1	3	0	0	2	28
chr3	47653220	47695882	1	1	0	0	1	19
chr3	47712168	47759872	1	1	0	0	13	32
chr3	48776764	48871689	2	2	0	0	2	45
chr3	49090245	49127480	1	1	0	0	2	39
chr3	49155966	49280346	1	1	0	0	3	23
chr3	49156921	49201038	1	3	0	0	1	27
chr3	49243376	49258855	2	2	0	0	1	32
chr3	49395054	49398166	2	2	0	0	1	35
chr3	53237821	53240250	2	2	1	0	1	3
chr3	53336356	53340173	2	4	0	0	2	36
chr3	57632273	57644556	2	4	0	0	1	30
chr3	57702313	57724509	2	2	0	0	1	37
chr3	66222324	66240888	1	1	0	0	1	36
chr3	124890249	124894177	1	3	0	0	1	28
chr3	129863721	129870597	1	3	0	0	3	40
chr3	130193920	130196255	1	1	0	0	1	46
chr3	136350076	136379644	1	1	0	0	1	33
chr3	136438353	136439093	1	3	0	0	1	45
chr3	169768774	169863128	2	2	0	0	2	33
chr3	184453715	184458444	2	4	0	0	1	25
chr3	195638753	195639532	1	1	1	0	1	38
chr3	195638807	195639532	1	1	1	0	1	15
chr3	195641678	195676691	2	2	0	0	2	18
chr3	195645387	195646137	1	1	0	0	1	34
chr3	195645734	195646155	2	2	0	0	1	16
chr3	195658374	195661755	1	1	1	0	1	9
chr3	195662734	195663623	1	1	1	0	5	42
chr3	195664251	195666065	1	1	1	0	2	36
chr3	195664453	195666065	1	1	1	0	1	8
chr3	195666215	195668143	1	1	1	0	1	3
chr3	195671301	195672483	1	1	1	0	1	25
chr3	195672680	195673817	1	1	1	0	1	24
chr3	195681302	195681535	1	1	1	0	4	41
chr3	195683866	195685817	1	1	1	0	5	39
chr3	195688798	195689338	1	1	1	0	1	24
chr3	195944577	196002207	1	1	0	0	2	31
chr3	195944577	196002348	1	1	0	0	2	31
chr3	195960087	195963299	2	2	1	0	2	5
chr3	195963422	195965428	2	2	1	0	1	34
chr3	195965543	195967513	2	2	1	0	2	8
chr3	195967645	195967878	2	2	1	0	4	41
chr3	195974567	195975704	2	2	1	0	1	24
chr3	195975901	195977082	2	2	1	0	1	25
chr3	195982311	195983909	2	2	1	0	1	8
chr3	195982311	195984111	2	2	1	0	1	36
chr3	195984738	195985626	2	2	1	0	5	42
chr3	195986605	195989981	2	2	1	0	1	9
chr3	196442788	196508718	2	2	0	0	2	28
chr3	196801769	196860763	1	1	0	0	2	31
chr3	197786211	197813625	1	1	0	0	1	45
chr4	59557	60057	1	1	1	0	1	36
chr4	437512	472574	2	2	1	0	2	28
chr4	444433	472574	2	2	1	0	2	40
chr4	472702	473980	2	2	1	0	1	19
chr4	496945	498956	2	2	0	0	2	34
chr4	691941	724727	1	3	0	0	1	44
chr4	1707005	1876922	1	1	0	0	3	46
chr4	1876001	1876922	1	1	0	0	2	39
chr4	2816290	2970918	2	4	0	0	4	38
chr4	4589616	4621505	2	2	0	0	1	46
chr4	5678954	5740393	2	2	0	0	2	45
chr4	6792833	6813505	1	1	0	0	1	27
chr4	17031325	17108239	1	1	0	0	3	39
chr4	25499530	25537385	1	1	0	0	1	42
chr4	36969621	37005753	1	1	0	0	2	36
chr4	38937968	38972019	2	2	0	0	1	39
chr4	39711208	39712910	1	3	0	0	1	21
chr4	39712961	39744267	1	1	0	0	1	23
chr4	39773796	39791497	2	2	0	0	1	12
chr4	40075629	40088730	2	2	0	0	1	25
chr4	49311647	49324831	2	2	0	0	1	35
chr4	49323184	49323621	2	2	0	0	3	36
chr4	49323184	49330081	2	2	0	0	3	36
chr4	52433153	52674182	2	2	0	0	4	30
chr4	55504070	55526733	1	1	0	0	2	33
chr4	56853850	56895738	1	1	0	0	2	19
chr4	58577574	58580909	1	1	0	0	3	36
chr4	67707676	67802934	2	4	0	0	2	21
chr4	75914610	75919710	2	2	0	0	1	46
chr4	81160069	81188982	2	2	0	0	1	19
chr4	86137418	86170957	2	2	0	0	2	37
chr4	94523876	94549793	1	1	1	0	2	8
chr4	104803515	104821742	2	2	0	0	1	47
chr4	123016000	123016048	2	2	0	0	1	45
chr4	124127241	124153343	1	1	0	0	1	40
chr4	129842683	129878035	1	1	0	0	1	27
chr4	150767731	150809820	2	4	0	0	1	26
chr4	157380276	157451425	2	2	0	0	2	16
chr4	169469227	169497512	1	1	0	0	1	23
chr4	183135046	183175375	2	2	0	0	1	24
chr4	185398189	185519517	2	2	0	0	4	42
chr5	16711569	16723169	1	1	0	0	11	46
chr5	17235495	17250836	2	2	0	0	1	44
chr5	32561277	32604925	1	1	0	0	2	26
chr5	37229984	37284659	2	4	0	0	2	44
chr5	37322643	37331084	1	1	0	0	1	44
chr5	49601618	49602022	1	1	0	0	1	15
chr5	55578694	55581484	1	1	0	0	1	39
chr5	57116703	57118665	2	2	0	0	3	43
chr5	67779253	67822827	2	2	0	0	2	30
chr5	69254458	69277705	1	1	0	0	1	32
chr5	69499667	69507687	2	2	0	0	1	39
chr5	69920866	69975737	1	1	1	0	2	5
chr5	69924438	69924525	1	1	1	0	5	28
chr5	69975853	69978463	1	1	1	0	6	35
chr5	70139721	70142330	2	2	1	0	6	35
chr5	70142446	70197256	2	2	1	0	2	5
chr5	70193597	70193684	2	2	1	0	5	28
chr5	70203966	70207557	2	2	1	0	3	27
chr5	70203966	70225607	2	2	1	0	3	27
chr5	70214375	70487034	2	2	0	0	4	18
chr5	70222016	70225607	2	2	1	0	3	27
chr5	70232425	70487034	2	2	0	0	4	18
chr5	70422200	70423298	1	1	1	0	1	28
chr5	70422924	70423298	1	1	1	0	3	26
chr5	70427691	70433869	1	1	1	0	1	7
chr5	70440860	70441415	1	1	1	0	1	12
chr5	70441519	70445482	1	1	1	0	133	40
chr5	70441519	70447233	1	1	1	0	1	25
chr5	70445523	70447233	1	1	1	0	87	41
chr5	70455313	70473571	2	2	1	0	2	3
chr5	70455313	70516307	2	2	1	0	2	3
chr5	70481539	70495023	2	2	1	0	2	44
chr5	70481539	70516307	2	2	1	0	2	44
chr5	70799487	70799574	1	1	1	0	5	28
chr5	70850925	70853535	1	1	1	0	6	35
chr5	71027833	71035544	2	2	0	0	5	23
chr5	71032903	71033337	0	0	0	0	6	39
chr5	71035501	71059713	1	1	0	0	1	35
chr5	71035685	71059689	2	2	1	0	1	40
chr5	71035797	71037506	2	2	1	0	90	41
chr5	71037547	71038428	2	2	0	0	6	26
chr5	71037547	71041521	2	2	1	0	133	40
chr5	71038482	71041521	2	2	0	0	12	25
chr5	71041625	71042180	2	2	1	0	1	12
chr5	71049159	71055351	2	2	1	0	1	7
chr5	71059745	71060119	2	2	1	0	3	26
chr5	71140035	71142644	2	2	1	0	6	35
chr5	71811200	71848214	2	2	0	0	1	20
chr5	81357881	81358723	2	4	0	1	0	18
chr5	100068460	100068560	2	2	0	0	1	41
chr5	126710789	126716095	2	2	0	0	1	45
chr5	126749821	126784587	2	2	0	0	4	46
chr5	130789614	130929642	2	2	0	0	3	22
chr5	131141406	131179742	2	4	0	0	1	31
chr5	140062937	140074651	2	4	0	0	1	27
chr5	141983450	141985739	1	1	0	0	2	47
chr5	148327792	148360543	1	1	0	0	1	28
chr5	160995755	161036908	2	4	0	0	2	45
chr5	165760440	165812746	1	1	0	0	3	46
chr5	165768797	165812746	1	1	0	0	3	46
chr5	166033751	166097776	2	2	0	0	3	26
chr5	172941992	172975025	1	1	0	0	2	46
chr5	172997595	173044161	1	1	0	0	3	46
chr5	173205315	173207722	1	1	0	0	1	46
chr5	177178386	177206158	2	2	0	1	0	47
chr5	177954592	177963613	2	2	0	0	84	46
chr5	178156219	178203334	1	1	0	0	2	35
chr5	178345631	178457327	2	4	0	0	3	26
chr5	178791742	178957130	2	2	0	0	3	37
chr5	179624524	179634085	1	1	1	0	2	46
chr5	180372629	180412537	1	1	0	0	1	46
chr5	181262374	181442831	0	0	0	0	28	47
chr6	3004260	3004494	1	1	0	0	9	46
chr6	3280606	3283348	2	2	0	0	1	43
chr6	4246116	4466003	2	2	0	0	6	41
chr6	10783590	10944824	0	0	0	0	3	42
chr6	15119613	15152485	2	2	0	0	1	31
chr6	17598989	17606295	1	1	0	0	1	30
chr6	17957113	18007082	2	2	0	0	1	46
chr6	17982329	18007082	2	2	0	0	1	46
chr6	26349168	26349748	2	2	0	0	1	34
chr6	26723154	26723553	1	1	1	0	2	18
chr6	26778133	26778533	2	2	1	0	2	18
chr6	27175757	27210951	1	1	0	0	1	46
chr6	31783707	31813348	1	3	0	0	1	25
chr6	31838328	31845057	1	3	0	0	1	27
chr6	33470654	33496005	2	2	0	0	6	46
chr6	33470654	33561496	2	2	0	0	2	39
chr6	34418425	34421729	2	2	1	0	2	33
chr6	34421808	34424668	2	2	1	0	17	34
chr6	34424841	34425071	2	2	1	0	41	40
chr6	34425222	34426031	2	2	1	0	25	35
chr6	34747213	34761705	1	1	0	0	1	18
chr6	34881929	34886696	2	2	0	0	3	44
chr6	35690843	35742332	2	2	0	0	3	44
chr6	38541524	38545564	1	1	0	0	2	40
chr6	42035600	42081601	2	2	0	0	4	46
chr6	42052553	42072955	2	2	0	0	1	23
chr6	42111515	42184323	2	2	0	0	6	46
chr6	43000167	43092093	2	2	0	0	2	39
chr6	43323227	43364162	2	2	0	0	1	12
chr6	43648199	43688887	1	1	0	0	1	37
chr6	54793561	54834857	2	2	0	0	2	41
chr6	70529848	70539780	1	1	0	0	1	39
chr6	73258153	73279305	1	3	0	0	1	24
chr6	73935670	73957971	1	1	0	0	1	27
chr6	76964771	77053807	1	1	0	0	2	35
chr6	77044891	77053807	1	1	0	0	2	35
chr6	77872702	77916890	1	1	0	0	2	21
chr6	87641082	87642555	2	4	0	0	3	34
chr6	99931442	99975171	1	1	0	0	1	42
chr6	107274718	107294974	1	1	0	0	1	26
chr6	108340596	108344343	2	2	0	0	2	36
chr6	108832352	108840514	2	2	0	0	1	46
chr6	109257220	109401108	2	2	0	0	5	45
chr6	110595509	110637752	1	1	0	0	2	41
chr6	118989136	119239064	0	0	0	0	8	47
chr6	121953834	121980750	2	2	0	0	2	46
chr6	125786214	125788725	1	1	0	0	2	40
chr6	139158288	139185486	1	1	0	0	1	46
chr6	149946654	149947319	1	1	1	0	6	42
chr6	149947452	149948722	1	1	1	0	7	45
chr6	150020240	150020904	2	2	1	0	6	42
chr6	151077926	151123343	2	2	0	0	1	37
chr6	151184135	151230618	1	1	0	0	1	38
chr6	151323324	151334366	1	1	0	0	1	33
chr6	151517262	151533596	1	1	0	0	1	38
chr6	151759475	151848437	2	2	0	0	2	19
chr6	158490183	158512126	1	1	0	0	1	32
chr7	1038479	1038527	1	1	0	0	1	37
chr7	1146205	1146901	2	2	0	0	1	45
chr7	2444182	2501372	1	3	0	0	2	39
chr7	5182681	5229110	1	1	0	0	1	39
chr7	5433990	5471508	2	2	0	0	1	40
chr7	5462826	5499605	2	2	0	0	1	27
chr7	5468216	5471508	2	2	0	0	1	40
chr7	5864320	5869035	2	4	0	0	1	27
chr7	5923546	5923834	1	1	1	0	1	36
chr7	6350934	6351790	1	3	0	0	1	28
chr7	6801076	6801364	2	2	1	0	1	36
chr7	32683812	32698784	1	1	0	0	4	38
chr7	44688986	44743113	1	1	0	0	2	30
chr7	44791134	44868956	2	2	0	0	2	46
chr7	44900642	44916180	1	3	0	0	1	25
chr7	47675999	47723830	2	4	0	0	1	38
chr7	55765203	55806124	1	1	0	0	1	44
chr7	55833238	55849668	2	2	0	0	1	26
chr7	55854622	55947131	1	1	0	0	2	41
chr7	56011234	56011543	2	2	1	0	2	33
chr7	56011870	56015022	2	2	1	0	9	44
chr7	56017380	56019599	2	2	1	0	1	42
chr7	56021880	56083035	1	1	0	0	5	30
chr7	64250073	64262086	2	2	0	0	2	33
chr7	64543803	64544305	2	2	1	0	1	19
chr7	64571578	64575858	1	1	0	0	1	33
chr7	64917119	64917580	1	1	1	0	4	46
chr7	64917708	64918196	1	1	1	0	1	19
chr7	65153138	65167748	1	1	1	0	2	46
chr7	65528242	65542853	2	2	1	0	2	46
chr7	65851494	65986271	2	2	0	0	3	46
chr7	66112894	66144732	2	4	0	0	1	45
chr7	66706157	66738273	2	4	0	0	2	37
chr7	71283776	71321652	1	3	0	0	1	26
chr7	73027712	73130685	2	2	0	0	3	31
chr7	73055857	73130685	2	2	0	0	3	31
chr7	73083984	73130685	2	2	0	0	3	31
chr7	73111998	73130685	2	2	0	0	3	31
chr7	73586415	73630325	2	2	0	0	1	15
chr7	74181520	74209101	2	2	0	0	1	44
chr7	74593402	74626787	2	2	0	0	2	20
chr7	74620469	74756545	1	1	0	0	3	18
chr7	74653760	74842461	2	2	0	0	3	44
chr7	74728897	74730228	1	1	1	0	1	21
chr7	74730295	74732478	1	1	1	0	3	46
chr7	74732663	74733922	1	1	1	0	6	43
chr7	74733982	74735460	1	1	1	0	1	8
chr7	74735260	74842461	2	2	0	0	3	44
chr7	74735533	74736499	1	1	1	0	2	27
chr7	74736684	74738044	1	1	1	0	1	21
chr7	74738104	74743448	1	1	1	0	2	36
chr7	74745942	74746336	1	1	1	0	6	8
chr7	74746412	74748014	1	1	1	0	7	36
chr7	74748117	74749024	1	1	1	0	5	41
chr7	74749452	74751360	1	1	1	0	5	44
chr7	74751417	74752089	1	1	1	0	1	18
chr7	74752171	74753093	1	1	1	0	6	43
chr7	74753178	74753845	1	1	1	0	2	44
chr7	74754030	74755508	1	1	1	0	20	29
chr7	74754030	74756819	1	1	0	0	1	41
chr7	74755538	74756819	1	1	1	0	11	29
chr7	74756862	74757958	1	1	1	0	15	38
chr7	74758001	74758779	1	1	1	0	15	42
chr7	74758856	74759547	1	1	1	0	15	43
chr7	74758856	74759831	1	1	0	0	4	43
chr7	74783633	74785181	1	1	1	0	1	45
chr7	74805199	74873196	1	1	0	0	3	46
chr7	74844678	74878329	2	2	0	0	1	24
chr7	74847841	74877308	2	4	0	0	2	22
chr7	74883042	74883348	2	2	1	0	4	13
chr7	74884525	74887682	2	2	1	0	4	8
chr7	74887800	74888311	2	2	1	0	5	42
chr7	74888398	74890387	2	2	1	0	1	38
chr7	74890847	74894117	1	1	1	0	2	9
chr7	74891010	74894122	1	1	1	0	1	8
chr7	74891028	74894117	1	3	1	0	1	18
chr7	74894258	74896145	1	1	1	0	15	37
chr7	74896233	74896398	1	1	1	0	2	7
chr7	74896233	74897651	1	1	1	0	1	38
chr7	74896512	74897651	1	1	1	0	2	14
chr7	74897836	74900797	1	1	1	0	1	29
chr7	74897836	74900886	1	1	1	0	5	29
chr7	74900976	74905577	1	1	1	0	1	10
chr7	74913026	74939501	2	2	0	0	3	31
chr7	75160777	75162325	2	2	1	0	1	45
chr7	75186244	75187219	2	2	0	0	4	43
chr7	75186528	75187219	2	2	1	0	15	43
chr7	75187296	75188074	2	2	1	0	15	42
chr7	75188117	75189214	2	2	1	0	15	38
chr7	75189257	75190538	2	2	1	0	11	29
chr7	75189257	75192046	2	2	0	0	1	41
chr7	75190568	75192046	2	2	1	0	20	29
chr7	75192231	75192898	2	2	1	0	1	29
chr7	75192981	75193902	2	2	1	0	4	38
chr7	75193984	75194656	2	2	1	0	1	18
chr7	75194713	75196612	2	2	1	0	5	44
chr7	75197040	75197947	2	2	1	0	5	41
chr7	75198050	75199650	2	2	1	0	7	36
chr7	75199726	75200120	2	2	1	0	6	8
chr7	75202614	75207955	2	2	1	0	2	36
chr7	75208015	75209375	2	2	1	0	1	21
chr7	75209560	75210527	2	2	1	0	1	27
chr7	75210600	75212078	2	2	1	0	1	8
chr7	75212138	75213405	2	2	1	0	4	43
chr7	75213590	75215755	2	2	1	0	3	46
chr7	75215822	75217153	2	2	1	0	1	21
chr7	75217265	75237292	2	2	1	0	5	26
chr7	75297761	75299653	2	2	1	0	3	25
chr7	75316142	75320729	2	2	1	0	1	10
chr7	75320819	75323868	2	2	1	0	5	29
chr7	75320908	75323868	2	2	1	0	1	29
chr7	75324055	75325642	2	2	1	0	1	38
chr7	75325477	75325642	2	2	1	0	2	7
chr7	75325730	75327623	2	2	1	0	3	25
chr7	75344109	75348696	2	2	1	0	1	10
chr7	75348786	75351835	2	2	1	0	5	29
chr7	75348875	75351835	2	2	1	0	1	29
chr7	75352022	75353568	2	2	1	0	1	38
chr7	75353403	75353568	2	2	1	0	2	7
chr7	75355684	75358781	2	2	1	0	1	8
chr7	75355689	75358763	2	4	1	0	1	18
chr7	75359279	75359302	2	4	0	0	1	47
chr7	75359410	75361373	1	1	1	0	1	38
chr7	75361460	75361971	1	1	1	0	5	42
chr7	75362089	75365254	1	1	1	0	4	8
chr7	75366439	75366749	1	1	1	0	4	13
chr7	75378395	75378519	2	4	0	0	3	31
chr7	75512676	75514644	2	2	1	0	11	37
chr7	75518648	75523108	1	1	0	0	1	16
chr7	76308095	76345832	1	1	0	0	4	16
chr7	76434156	76440249	1	1	1	0	17	45
chr7	76440342	76440474	1	1	1	0	27	46
chr7	76440612	76441841	1	1	1	0	23	29
chr7	76610216	76611453	2	2	1	0	13	40
chr7	76611592	76611721	2	2	1	0	29	46
chr7	76611814	76618182	2	2	1	0	17	45
chr7	76618301	76618496	2	2	1	0	3	26
chr7	76618301	76618511	2	2	0	0	1	46
chr7	76898390	76982239	2	2	0	0	2	36
chr7	80820293	80940027	2	2	0	0	3	46
chr7	86554854	86833180	1	1	0	0	7	24
chr7	91476814	91507234	2	2	0	0	1	16
chr7	96731790	96780211	1	1	0	0	1	41
chr7	98812185	98838108	1	3	0	0	1	27
chr7	99433839	99464448	1	1	0	0	4	39
chr7	100070221	100071266	2	2	0	0	1	15
chr7	100753737	100772333	1	1	0	0	1	45
chr7	101314106	101314403	2	2	1	0	1	24
chr7	102316370	102341705	2	2	0	0	2	43
chr7	102339116	102342181	1	1	1	0	2	40
chr7	102352893	102357005	2	4	0	0	2	32
chr7	102547338	102565273	1	1	0	0	1	12
chr7	102550157	102563992	1	1	0	0	1	26
chr7	102550669	102552834	1	1	0	0	3	17
chr7	102550669	102651927	1	1	0	0	3	17
chr7	102552274	102556395	1	3	0	0	2	32
chr7	102565557	102662822	1	3	0	0	2	33
chr7	102567044	102568009	2	2	0	0	1	16
chr7	102567084	102568009	2	2	1	0	2	47
chr7	102567084	102569834	2	2	1	0	2	28
chr7	102567084	102569899	2	2	0	0	1	20
chr7	102646429	102664357	1	1	0	0	1	12
chr7	102649251	102663079	1	1	0	0	1	26
chr7	102649762	102651927	1	1	0	0	3	17
chr7	102651367	102655479	1	3	0	0	2	32
chr7	102666124	102667089	2	2	0	0	1	16
chr7	102666164	102667089	2	2	1	0	2	47
chr7	102666164	102668979	2	2	0	0	1	20
chr7	105357112	105405809	2	2	0	0	1	26
chr7	105504307	105524461	1	1	0	0	1	43
chr7	128498143	128502613	1	1	0	0	1	22
chr7	135466451	135739584	2	4	0	0	5	26
chr7	138421079	138466085	2	2	0	0	3	33
chr7	140825213	140882622	2	2	0	0	3	42
chr7	143599420	143600526	1	1	1	0	1	31
chr7	143603112	143604584	1	1	1	0	2	30
chr7	143604818	143610143	1	1	0	0	2	40
chr7	143604836	143607792	1	1	1	0	1	11
chr7	143624399	143628236	1	1	1	0	1	30
chr7	143829407	143833246	2	2	1	0	1	30
chr7	143854143	143857099	2	2	1	0	1	11
chr7	143857351	143858823	2	2	1	0	2	30
chr7	143861309	143862415	2	2	1	0	1	31
chr7	144239389	144243746	1	1	1	0	1	37
chr7	144307233	144311590	2	2	1	0	1	37
chr7	148795552	148936272	1	1	0	0	3	39
chr7	148966551	149146104	2	4	0	0	3	42
chr7	149183339	149185460	1	1	0	0	1	33
chr7	149551750	149621259	2	2	1	0	1	45
chr7	152499566	152533171	2	2	0	0	1	34
chr7	157043490	157095623	2	2	0	0	2	12
chr7	157130066	157297022	2	2	0	0	22	41
chr8	9730008	9741043	2	2	0	0	1	26
chr8	14401409	14582629	1	1	0	0	3	21
chr8	22317894	22323378	2	2	0	0	1	39
chr8	29197123	29228250	1	1	0	0	1	46
chr8	42941373	42964061	1	1	0	0	1	44
chr8	60764222	60800264	2	2	0	0	1	46
chr8	74452032	74480070	2	2	0	0	1	45
chr8	81807808	81808822	2	2	0	0	1	20
chr8	87900714	87901021	2	2	0	0	1	41
chr8	94994474	95023913	2	2	0	1	0	30
chr8	97989255	97998305	1	1	0	0	217	46
chr8	99293422	99336393	2	2	0	0	2	38
chr8	102240925	102413894	2	2	0	0	21	42
chr8	102773997	102803475	2	2	0	0	2	43
chr8	128715148	128760765	2	2	0	0	1	42
chr8	134190247	134308177	2	2	0	0	3	46
chr8	140700707	140731190	2	2	0	0	1	46
chr9	6652409	6677531	1	1	0	0	1	41
chr9	6832773	6837102	1	3	0	0	1	27
chr9	15471177	15472631	2	2	1	0	2	41
chr9	15472751	15474008	2	2	1	0	2	38
chr9	15474238	15478476	2	2	1	0	57	47
chr9	15478553	15479590	2	2	1	0	23	42
chr9	15478553	15486005	2	2	0	0	1	36
chr9	15479688	15486005	2	2	1	0	34	46
chr9	15486069	15486826	2	2	1	0	7	47
chr9	15486932	15489985	2	2	1	0	8	31
chr9	15490125	15506560	2	2	1	0	10	36
chr9	15506638	15510116	2	2	1	0	4	46
chr9	32952203	33108352	2	2	0	0	4	21
chr9	34058800	34105188	1	1	0	0	1	32
chr9	34097307	34181159	1	3	0	0	4	27
chr9	36162148	36178442	2	4	0	0	1	27
chr9	36270750	36523206	2	2	0	0	6	46
chr9	36498990	36517082	2	2	0	0	1	47
chr9	39255277	39296665	1	1	0	0	1	40
chr9	60837227	60908608	1	3	0	0	4	45
chr9	61112784	61141105	1	3	0	0	2	45
chr9	61141211	61174347	2	2	0	0	1	12
chr9	61322363	61363753	2	2	0	0	1	40
chr9	61581949	61582579	1	1	1	0	1	33
chr9	61616008	61620249	1	1	1	0	5	45
chr9	61624812	61694662	1	1	0	0	2	15
chr9	61906556	61910860	2	2	1	0	5	45
chr9	61944324	61945009	2	2	1	0	1	33
chr9	62869305	62897418	2	2	1	0	1	45
chr9	62869305	62897528	2	2	1	0	1	30
chr9	63056063	63056349	1	1	0	0	1	27
chr9	63056409	63057514	1	1	1	0	3	36
chr9	63059218	63151190	1	1	1	0	2	34
chr9	63127385	63151190	1	1	1	0	2	4
chr9	63309313	63333065	2	2	1	0	2	4
chr9	63309313	63372802	2	2	1	0	2	34
chr9	63374506	63375612	2	2	1	0	3	36
chr9	63375672	63375958	2	2	0	0	1	27
chr9	65199463	65205913	1	1	0	0	1	21
chr9	65288016	65288402	2	2	1	0	1	40
chr9	65289724	65289826	2	2	1	0	1	26
chr9	65289896	65301424	2	2	1	0	1	7
chr9	65301477	65312570	2	2	1	0	1	35
chr9	65708959	65720040	1	1	1	0	1	35
chr9	65720093	65731629	1	1	1	0	1	7
chr9	65731699	65731801	1	1	1	0	1	26
chr9	65733123	65733509	1	1	1	0	1	40
chr9	65815796	65822240	2	2	0	0	1	21
chr9	67538558	67554940	2	2	0	0	7	46
chr9	67725832	67726403	2	2	1	0	1	8
chr9	72003877	72009348	1	1	0	0	3	39
chr9	78354404	78355676	1	1	0	0	1	46
chr9	83597884	83640817	2	4	0	0	1	28
chr9	88141023	88174105	1	3	0	0	2	29
chr9	88358104	88394854	1	3	0	0	1	27
chr9	91135764	91163004	2	2	1	0	1	4
chr9	92174980	92222104	1	1	0	0	1	46
chr9	92230358	92234994	2	4	0	0	1	42
chr9	92854690	92855810	2	2	0	0	1	16
chr9	93098984	93124356	2	2	0	0	1	42
chr9	94586348	94624625	2	4	0	0	2	23
chr9	94588084	94633938	2	2	0	0	1	19
chr9	97576872	97578285	2	2	0	0	1	46
chr9	107499331	107537318	2	2	0	0	2	32
chr9	111498788	111539698	1	1	0	0	1	39
chr9	113258863	113260271	1	1	1	0	3	9
chr9	120719985	120836627	2	2	0	0	3	46
chr9	122176801	122208757	2	2	0	0	1	44
chr9	125129546	125129980	2	2	0	0	1	39
chr9	125740389	125877004	2	2	0	0	3	46
chr9	127460966	127461098	2	2	0	0	1	31
chr9	127531457	127557049	2	4	0	0	1	27
chr9	128709071	128773627	1	1	0	0	2	41
chr9	128811470	128834610	1	1	0	0	1	46
chr9	128869394	128954616	2	2	0	0	6	41
chr9	128875549	128961447	1	1	0	0	2	25
chr9	129074976	129118196	1	1	0	0	1	37
chr9	130065553	130081324	1	1	0	0	1	35
chr9	130594458	130603221	2	2	0	0	2	28
chr9	136873322	136891948	2	2	0	0	1	38
chr9	137257055	137262079	1	1	0	0	5	43
chr9	137288054	137334862	1	1	0	0	1	41
chr9	137718801	137740847	1	1	0	0	1	27
chr10	4967044	4968308	1	1	1	0	4	21
chr10	4968945	4972200	1	1	1	0	2	12
chr10	4972311	4972583	1	1	1	0	2	36
chr10	4972750	4975850	1	1	1	0	16	40
chr10	4975934	4977699	1	1	1	0	14	47
chr10	4990039	4991830	2	2	1	0	14	47
chr10	4991914	4995318	2	2	1	0	16	40
chr10	4995485	4995755	2	2	1	0	5	38
chr10	4995866	4998624	2	2	1	0	2	12
chr10	4999278	5000549	2	2	1	0	4	21
chr10	5139681	5145225	2	2	0	0	2	30
chr10	11600755	11649234	1	1	0	0	1	41
chr10	12233014	12260824	2	4	0	0	1	17
chr10	12543130	12552823	2	2	0	0	1	45
chr10	18578749	18579333	1	3	0	0	2	37
chr10	18651780	18657635	1	1	1	0	1	3
chr10	20558058	20569379	2	2	0	0	1	41
chr10	20673985	20679989	2	2	0	0	1	28
chr10	21396524	21579676	2	4	0	0	3	41
chr10	26934517	26939295	2	2	1	0	1	17
chr10	26972110	27042627	2	2	0	0	6	37
chr10	34362222	34460755	2	2	0	0	2	45
chr10	39495979	39504496	1	1	0	0	1	26
chr10	43410452	43411028	2	4	0	0	1	33
chr10	45679479	45681771	1	1	1	0	3	18
chr10	45681584	45684943	2	2	0	0	1	28
chr10	45681841	45684485	1	1	1	0	8	45
chr10	45684521	45689180	1	1	1	0	3	26
chr10	45684521	45692058	1	1	1	0	1	14
chr10	45834117	45841652	2	2	1	0	1	14
chr10	45841230	45844582	1	1	0	0	1	28
chr10	45841688	45844325	2	2	1	0	5	45
chr10	45844395	45846686	2	2	1	0	3	18
chr10	63709201	63732972	1	1	0	0	1	15
chr10	67874999	67892683	2	2	0	0	1	44
chr10	68019227	68035388	2	2	0	0	1	31
chr10	68594046	68594785	2	4	0	0	1	33
chr10	68766452	68774140	2	2	0	0	1	37
chr10	69203451	69274384	1	1	0	0	2	46
chr10	69249639	69290641	1	3	0	0	1	46
chr10	72097451	72102849	2	2	1	0	1	5
chr10	72216073	72220053	1	1	0	0	5	44
chr10	72216139	72220053	1	1	1	0	11	17
chr10	72231749	72300216	1	1	0	0	2	37
chr10	72583512	72797765	2	2	0	0	23	25
chr10	72707061	72797765	2	2	0	0	23	25
chr10	72787500	72797765	2	2	0	0	23	25
chr10	73427373	73486400	1	1	0	0	2	45
chr10	73976419	74059637	2	2	0	0	2	46
chr10	79660995	79666784	0	0	1	0	8	33
chr10	79669575	79671090	1	1	1	0	14	44
chr10	79671134	79676467	1	1	1	0	7	43
chr10	79766325	79804484	2	2	1	0	3	43
chr10	79785922	79801949	2	2	0	0	2	38
chr10	79798028	79804484	2	2	1	0	10	43
chr10	79802024	79804484	2	2	1	0	2	43
chr10	79804528	79806038	2	2	1	0	22	44
chr10	79804528	79814612	2	2	1	0	4	42
chr10	79806123	79808758	2	2	1	0	9	20
chr10	79806123	79808762	2	2	1	0	2	13
chr10	79808833	79814612	2	2	1	0	9	33
chr10	79808964	79814612	2	2	1	0	11	37
chr10	79814717	79826197	2	2	1	0	6	20
chr10	83832176	83933754	1	1	0	0	3	46
chr10	87488012	87726216	1	1	0	0	6	46
chr10	92218194	92282474	1	1	0	0	5	46
chr10	92259229	92300051	2	2	0	0	2	18
chr10	92462605	92463730	2	2	1	0	1	4
chr10	97252428	97274270	2	4	0	0	1	21
chr10	97617982	97629194	2	4	0	0	1	27
chr10	99986940	99991691	1	1	0	0	3	33
chr10	101653924	101653992	0	0	0	0	4	47
chr10	102817180	102901022	1	3	0	0	2	14
chr10	103401502	103422311	2	2	0	0	2	14
chr10	112709822	112710338	1	1	0	0	1	13
chr10	116533883	116564977	1	1	0	0	1	25
chr10	116588699	116660219	2	2	0	0	38	13
chr10	121853239	121915765	2	2	0	0	6	27
chr10	122952027	122952828	2	2	1	0	1	28
chr11	308345	314262	2	2	1	0	14	43
chr11	308439	309012	1	1	1	0	6	44
chr11	308439	314921	1	1	1	0	18	44
chr11	309294	309318	2	2	0	0	1	34
chr11	314357	314921	1	1	1	0	46	45
chr11	319986	320564	2	2	1	0	1	35
chr11	319991	320564	2	2	1	0	48	44
chr11	8602317	8687723	1	1	0	0	3	43
chr11	8683918	8684005	1	1	0	0	2	36
chr11	10830493	10831936	1	1	0	0	1	31
chr11	32519774	32572506	1	1	0	0	2	23
chr11	44735850	44769127	2	2	0	0	1	39
chr11	46884660	46909527	2	2	0	0	1	45
chr11	47211030	47212321	1	3	0	0	2	26
chr11	47302259	47303286	1	3	0	0	1	25
chr11	47412807	47436251	1	3	0	0	1	25
chr11	47922217	47937250	2	2	0	0	1	41
chr11	59375671	59406861	2	2	0	0	1	45
chr11	61325121	61351886	2	2	0	0	1	27
chr11	62010579	62026336	2	2	0	0	1	28
chr11	62024379	62079203	1	3	0	0	3	37
chr11	62096310	62104857	2	2	0	0	1	22
chr11	62405560	62408294	2	2	0	0	1	25
chr11	62856938	62868479	2	4	0	0	1	38
chr11	63687357	63717753	2	2	0	0	1	38
chr11	63750900	63823765	0	0	0	0	19	46
chr11	64991023	64991387	2	2	0	0	2	46
chr11	65974304	65991707	1	1	0	0	1	26
chr11	66617058	66639699	1	1	1	0	4	46
chr11	66640053	66646205	2	4	0	0	2	42
chr11	66640124	66643449	1	1	1	0	2	8
chr11	66640124	66643858	1	1	0	0	1	14
chr11	66640124	66646026	1	1	1	0	13	40
chr11	66640124	66649735	1	1	1	0	5	30
chr11	68459240	68464259	1	1	0	0	1	16
chr11	70303852	70347848	0	0	0	0	3	41
chr11	72383354	72422096	2	2	0	0	4	45
chr11	76061623	76061753	2	2	0	0	4	16
chr11	87242986	87341164	1	1	0	0	2	38
chr11	87245131	87343313	1	1	0	0	2	32
chr11	87458020	87503177	1	1	0	0	1	31
chr11	100409601	100452407	2	2	0	0	1	45
chr11	102210896	102247745	1	3	0	0	1	41
chr11	116757391	116834588	1	1	0	0	2	47
chr11	117205131	117206680	2	2	0	0	4	27
chr11	117205511	117206680	2	2	0	0	3	27
chr11	130349794	130367558	2	4	0	0	1	28
chr11	130497430	130504033	2	2	0	0	1	23
chr12	759562	770204	2	2	0	0	2	41
chr12	759562	854578	2	2	0	0	2	41
chr12	984779	1009288	2	4	0	0	2	38
chr12	1569633	1677700	2	2	0	0	4	46
chr12	3767581	3770593	1	1	0	0	2	41
chr12	6337254	6338814	1	1	0	0	1	44
chr12	6578918	6580581	2	4	1	0	1	46
chr12	6676082	6707483	2	2	0	0	2	43
chr12	6878687	6887109	1	1	0	0	1	40
chr12	7950988	7953854	1	1	0	0	1	25
chr12	8783807	8798074	2	2	0	0	1	27
chr12	8820074	8820585	2	4	1	0	1	3
chr12	9284134	9288201	1	1	1	0	1	36
chr12	9288350	9293661	1	1	1	0	3	24
chr12	9293911	9294431	1	1	1	0	2	35
chr12	9297160	9297780	1	1	0	0	1	38
chr12	9301247	9302227	1	1	1	0	3	33
chr12	9302275	9302622	1	1	1	0	2	43
chr12	9304208	9305718	1	1	1	0	1	7
chr12	9305758	9306014	1	1	1	0	1	39
chr12	9312324	9312616	1	1	1	0	3	26
chr12	9312696	9312874	1	1	1	0	3	40
chr12	9418930	9419111	2	2	1	0	3	40
chr12	9419191	9419488	2	2	1	0	3	26
chr12	9423973	9424527	2	2	0	0	1	23
chr12	9425825	9426081	2	2	1	0	1	39
chr12	9426121	9427632	2	2	1	0	1	7
chr12	9429212	9429559	2	2	1	0	1	43
chr12	9429607	9430587	2	2	1	0	2	15
chr12	9434141	9434761	2	2	0	0	1	38
chr12	9437490	9438010	2	2	1	0	1	37
chr12	9438260	9443534	2	2	1	0	3	24
chr12	9443683	9447744	2	2	1	0	1	36
chr12	14494906	14536271	2	4	0	0	1	27
chr12	31870638	31875963	1	1	0	0	2	41
chr12	32117833	32142328	2	2	0	0	1	38
chr12	32630600	32658578	1	1	0	0	1	40
chr12	38537200	38621992	2	2	0	0	4	28
chr12	41973219	41991317	1	1	0	0	4	38
chr12	42519311	42519444	2	4	0	0	1	30
chr12	44167507	44406723	0	0	0	0	4	46
chr12	48901842	48902084	2	2	0	0	1	33
chr12	49045542	49122704	1	3	0	0	19	24
chr12	49128126	49185177	1	1	1	0	16	46
chr12	49128939	49129241	2	2	1	0	1	17
chr12	49129391	49129499	2	2	1	0	1	28
chr12	49269688	49269827	1	1	1	0	4	45
chr12	49269977	49272252	1	1	1	0	7	42
chr12	49593404	49608259	1	1	0	0	2	47
chr12	50295331	50321908	2	2	0	0	1	43
chr12	50516969	50549671	2	4	0	0	1	24
chr12	53114508	53172994	1	1	0	0	2	46
chr12	53240666	53272016	1	1	0	0	1	36
chr12	54427926	54434742	1	1	1	0	2	3
chr12	54427926	54435359	1	1	1	0	2	3
chr12	54433605	54434742	1	1	1	0	2	3
chr12	54568793	54569143	2	2	1	0	1	3
chr12	54744221	54770777	1	1	1	0	1	3
chr12	55086438	55101327	1	1	0	0	2	31
chr12	55156047	55166203	2	2	0	0	1	44
chr12	56047151	56050272	2	4	0	0	1	27
chr12	56049225	56057537	1	1	0	0	1	24
chr12	56110141	56141522	2	2	0	0	1	24
chr12	56226403	56229649	0	0	0	0	3	30
chr12	56390701	56406705	2	2	0	0	1	45
chr12	57073542	57077229	1	3	0	0	3	18
chr12	58038024	58063966	2	2	0	0	2	40
chr12	60975119	61223954	1	1	0	0	4	34
chr12	64546519	64557085	2	2	0	0	1	29
chr12	68797254	68814098	1	1	0	0	1	26
chr12	68986850	69037674	2	2	0	0	2	33
chr12	69198480	69289779	1	1	0	0	3	45
chr12	73041011	73051300	2	2	0	0	1	31
chr12	75912735	75916556	2	2	0	0	2	45
chr12	75961085	75980980	2	2	0	0	1	39
chr12	95540425	95542723	2	4	0	0	2	27
chr12	98623227	98661149	2	2	0	0	2	32
chr12	98639086	98672209	1	3	0	0	1	27
chr12	109911516	109984178	1	1	0	0	2	20
chr12	110178711	110185280	1	1	0	0	2	34
chr12	110665384	110792677	2	2	0	0	3	20
chr12	111794251	111895761	2	2	0	0	3	44
chr12	113311818	113312259	2	2	0	0	3	42
chr12	119817297	119833451	1	1	0	0	1	31
chr12	121600098	121753506	1	1	0	0	3	28
chr12	121602345	121654642	1	3	0	0	2	27
chr12	121622091	121665335	1	3	0	0	1	27
chr12	121732915	121753506	1	1	0	0	3	28
chr12	122555635	122583612	1	1	0	0	1	41
chr12	123239635	123276555	2	2	0	0	1	39
chr12	123239651	123339525	2	2	0	0	11	22
chr12	124859504	124895973	2	4	0	0	1	27
chr12	124991896	124992078	1	3	0	0	1	28
chr12	129094967	129105327	1	1	0	0	1	37
chr12	129094967	129106201	1	1	0	0	1	37
chr12	132721852	132722496	2	2	0	0	1	20
chr12	132844428	132964977	1	1	0	0	3	46
chr12	132863040	132964977	1	1	0	0	3	46
chr12	132916923	132961300	2	2	0	0	2	46
chr13	23274647	23299676	2	2	0	0	2	32
chr13	24108526	24135542	2	2	0	0	1	13
chr13	24594364	24595788	1	1	1	0	4	46
chr13	24594364	24597386	1	1	1	0	2	42
chr13	24910087	24911945	2	2	1	0	1	25
chr13	25273824	25274070	2	2	0	0	2	39
chr13	32463446	32486457	2	2	0	0	3	20
chr13	32630867	32661350	2	2	0	0	1	19
chr13	40655842	40677993	2	2	0	0	1	16
chr13	40909581	40914549	1	1	0	0	1	32
chr13	41283810	41342064	2	2	0	0	2	22
chr13	44604404	44633981	1	3	0	0	3	41
chr13	45334028	45411027	2	2	0	0	2	15
chr13	48984805	48991575	2	4	0	0	1	40
chr13	51470824	51501578	1	1	0	0	3	47
chr13	52280962	52283237	2	2	1	0	1	16
chr13	52529385	52531600	1	1	1	0	1	16
chr13	77520347	77543315	2	2	0	0	1	31
chr13	98424651	98425439	1	1	1	0	1	36
chr13	99673232	99699810	1	1	0	0	1	38
chr14	18283941	18292948	1	1	0	0	1	21
chr14	19054712	19055389	1	1	1	0	18	40
chr14	19054717	19055389	1	1	1	0	3	34
chr14	19055523	19055549	0	0	0	0	6	44
chr14	19055575	19055601	1	1	0	0	1	27
chr14	19062467	19064582	1	1	1	0	5	28
chr14	19062467	19065967	1	1	1	0	1	26
chr14	19062467	19066000	1	1	1	0	3	20
chr14	19062467	19066235	1	1	1	0	7	45
chr14	19062467	19068076	1	1	1	0	3	47
chr14	19062467	19130635	1	1	1	0	4	19
chr14	19064694	19065967	1	1	1	0	5	44
chr14	19064694	19066000	1	1	1	0	2	42
chr14	19066116	19066235	1	1	1	0	23	36
chr14	19066348	19067829	1	1	1	0	5	46
chr14	19066348	19068076	1	1	1	0	20	46
chr14	19066348	19068100	1	1	1	0	5	46
chr14	19066348	19068432	1	1	1	0	1	21
chr14	19066348	19074267	1	1	1	0	1	4
chr14	19066348	19092915	1	1	1	0	1	4
chr14	19068215	19068432	1	1	1	0	34	46
chr14	19068215	19092915	1	1	1	0	1	46
chr14	19068215	19130635	1	1	1	0	1	15
chr14	19068569	19069043	1	1	1	0	1	43
chr14	19068569	19074267	1	1	1	0	2	38
chr14	19068569	19092915	1	1	1	0	2	43
chr14	19068569	19130635	1	1	1	0	1	29
chr14	19084855	19086199	2	4	0	0	1	14
chr14	19093007	19094555	1	1	1	0	1	13
chr14	19093007	19130635	1	1	1	0	7	43
chr14	19103979	19105080	0	0	0	0	3	33
chr14	19107871	19108334	2	4	0	0	1	16
chr14	19240309	19243064	2	2	0	0	3	16
chr14	19241577	19243064	2	2	0	0	1	14
chr14	19269381	19307020	2	2	1	0	14	43
chr14	19269381	19331481	2	2	1	0	1	29
chr14	19269381	19331834	2	2	1	0	1	15
chr14	19269381	19337579	2	2	1	0	4	19
chr14	19291685	19292152	1	3	0	0	1	16
chr14	19295136	19331901	2	4	1	0	6	44
chr14	19305470	19307020	2	2	1	0	1	13
chr14	19307112	19331481	2	2	1	0	2	43
chr14	19307112	19331834	2	2	1	0	1	46
chr14	19307112	19333701	2	2	1	0	1	4
chr14	19313848	19315192	1	3	0	0	1	14
chr14	19325782	19331481	2	2	1	0	2	38
chr14	19331007	19331481	2	2	1	0	1	43
chr14	19331618	19331834	2	2	1	0	34	46
chr14	19331618	19333701	2	2	1	0	1	21
chr14	19331949	19333701	2	2	1	0	5	46
chr14	19331973	19333701	2	2	1	0	20	46
chr14	19331973	19337579	2	2	1	0	3	47
chr14	19332220	19333701	2	2	1	0	5	46
chr14	19333814	19333933	2	2	1	0	23	36
chr14	19333814	19337579	2	2	1	0	7	45
chr14	19334049	19335351	2	2	1	0	2	42
chr14	19334049	19337579	2	2	1	0	3	20
chr14	19334082	19335351	2	2	1	0	12	44
chr14	19334082	19337579	2	2	1	0	2	15
chr14	19335463	19337579	2	2	1	0	5	28
chr14	19344635	19345307	2	2	1	0	3	34
chr14	19344635	19345312	2	2	1	0	18	40
chr14	22812249	22941491	2	2	0	0	3	25
chr14	22903013	22940327	2	2	0	0	5	46
chr14	24215206	24215827	2	4	0	0	1	39
chr14	33789866	33960396	0	0	0	0	3	46
chr14	34410494	34445473	2	4	0	0	1	27
chr14	34560707	34565921	2	2	0	0	1	39
chr14	34616415	34618395	1	1	0	0	1	18
chr14	34718655	34731450	2	4	0	0	1	37
chr14	34802989	34804206	2	2	0	0	1	43
chr14	34922095	35106077	2	2	0	0	17	33
chr14	34977356	34993925	2	2	0	0	1	41
chr14	34993778	35145910	2	2	0	0	3	15
chr14	35086734	35136610	1	1	0	0	3	43
chr14	49733654	49775857	2	2	0	0	1	29
chr14	50937838	50944160	2	2	1	0	2	22
chr14	54944471	54955560	2	2	1	0	2	13
chr14	65281539	65314784	2	2	0	0	1	30
chr14	67140357	67152937	2	4	0	1	0	23
chr14	69923033	69964465	2	2	0	0	2	41
chr14	72843625	72896886	2	2	0	0	3	29
chr14	72940673	73025150	2	2	0	0	3	46
chr14	72940673	73046533	2	2	0	0	3	46
chr14	72979387	73031922	1	1	0	0	2	35
chr14	86078102	86099546	1	1	0	0	1	40
chr14	103399495	103444563	1	1	0	0	1	34
chr14	103860890	103889061	2	2	0	0	1	46
chr15	22838154	22849654	1	1	0	0	1	36
chr15	22997849	23190472	2	2	0	0	11	40
chr15	23928706	24076839	2	2	0	0	3	38
chr15	28299517	28321361	2	2	1	0	2	30
chr15	28335061	28336426	1	1	1	0	1	5
chr15	28336663	28337806	1	1	0	0	1	47
chr15	28452257	28463746	2	2	0	0	2	30
chr15	28575202	28576567	2	2	1	0	1	5
chr15	28590261	28612058	1	1	1	0	2	30
chr15	28659400	28681364	1	1	0	0	3	39
chr15	28671634	28671730	1	1	1	0	3	6
chr15	28833379	28838687	1	1	1	0	1	5
chr15	30410080	30421435	1	1	1	0	1	29
chr15	30544803	30556161	2	2	1	0	1	29
chr15	30544803	30608217	2	2	1	0	1	29
chr15	31321065	31370577	2	2	0	0	1	44
chr15	32519520	32522447	2	2	1	0	2	3
chr15	32586261	32597638	2	2	1	0	1	29
chr15	32599235	32603106	2	2	1	0	1	26
chr15	33949259	33986889	2	2	0	0	1	46
chr15	34391427	34398633	2	2	1	0	1	21
chr15	34537648	34544857	2	2	1	0	1	21
chr15	40596554	40612794	1	1	0	0	1	18
chr15	40596554	40620186	1	1	0	0	1	18
chr15	41215561	41247843	2	2	0	0	4	46
chr15	41311150	41343999	2	2	0	0	1	25
chr15	41375321	41375711	1	3	0	0	1	25
chr15	41478029	41478323	2	2	0	0	1	47
chr15	45268952	45276264	1	1	0	0	1	39
chr15	50399860	50439762	2	4	0	0	1	28
chr15	50635626	50683681	1	3	0	0	2	19
chr15	52007929	52010300	2	2	0	0	1	34
chr15	62442278	62463667	2	2	0	0	1	44
chr15	64398179	64398297	1	3	0	0	1	46
chr15	64915209	65002866	1	1	0	0	3	26
chr15	64949973	64957102	1	1	1	0	1	15
chr15	66616413	66618325	2	2	0	0	1	45
chr15	68678533	68722925	1	1	0	0	1	44
chr15	68696336	68723988	1	1	0	0	2	33
chr15	72093872	72119731	1	1	0	0	1	16
chr15	73379464	73446426	1	1	0	0	2	47
chr15	75434921	75475560	2	4	0	0	1	23
chr15	78896024	78918263	1	3	0	0	1	28
chr15	82355375	82369242	1	1	1	0	4	40
chr15	82385302	82450820	1	1	0	0	8	46
chr15	82477927	82513665	2	2	1	0	1	25
chr15	82499727	82513665	2	2	1	0	4	40
chr15	82690889	82815002	2	2	0	0	4	40
chr15	82812461	82815002	2	2	0	0	4	40
chr15	83354543	83360065	1	1	0	0	128	44
chr15	84172586	84173978	1	1	1	0	1	33
chr15	84174158	84181981	1	1	1	0	13	46
chr15	84199053	84199192	2	2	1	0	1	25
chr15	84239406	84239787	1	1	1	0	1	13
chr15	84407985	84420652	2	2	1	0	1	35
chr15	84408002	84412773	2	2	1	0	1	15
chr15	84412876	84419869	2	2	1	0	4	10
chr15	84491582	84499414	2	2	1	0	11	46
chr15	84499594	84500986	2	2	1	0	1	33
chr15	84512834	84513214	2	2	1	0	1	13
chr15	84555071	84569504	2	2	1	0	3	13
chr15	88896165	88920004	1	1	0	0	1	33
chr15	89123857	89124841	2	4	0	0	1	24
chr15	89771210	89819238	2	2	0	0	1	33
chr15	90140478	90169507	2	4	0	0	1	41
chr15	94050910	94101678	1	1	0	0	4	46
chr15	100850333	100855230	1	1	1	0	1	3
chr16	238584	301087	0	0	0	0	6	41
chr16	2538772	2538911	1	1	0	0	1	45
chr16	2561909	2565552	1	1	1	0	5	42
chr16	2565698	2566355	1	1	1	0	1	5
chr16	2566454	2571073	1	1	1	0	2	30
chr16	2581364	2581606	1	1	1	0	1	33
chr16	2581704	2583411	1	1	1	0	3	35
chr16	2583544	2597852	2	2	0	0	1	27
chr16	2583586	2586675	1	1	1	0	2	39
chr16	2616774	2618481	2	2	1	0	3	35
chr16	2618579	2618821	2	2	1	0	1	33
chr16	2633837	2634494	2	2	1	0	1	5
chr16	2634640	2638283	2	2	1	0	5	42
chr16	2672571	2672706	2	2	1	0	2	45
chr16	3095900	3107025	1	1	0	0	1	16
chr16	3628792	3709047	2	2	0	0	5	39
chr16	8870428	8938497	1	1	0	0	3	40
chr16	11214632	11222665	1	1	0	0	1	29
chr16	14708744	14708905	1	1	1	0	2	36
chr16	14724524	14725882	1	1	1	0	4	26
chr16	14726106	14765282	2	2	0	0	1	34
chr16	14726163	14765156	2	2	0	0	18	44
chr16	14747866	14748027	1	1	1	0	2	36
chr16	14763644	14765002	1	1	1	0	4	26
chr16	14765226	14765282	2	2	0	0	1	34
chr16	14765352	14951963	2	2	0	0	4	47
chr16	14911908	14917539	1	1	1	0	12	37
chr16	14917612	14917732	1	1	1	0	9	42
chr16	14917805	14918072	1	1	1	0	6	19
chr16	14927360	14928380	1	1	1	0	1	38
chr16	14931076	14932570	1	1	1	0	1	19
chr16	14932972	14933065	1	1	1	0	3	13
chr16	14933277	14933366	1	1	1	0	5	26
chr16	14933277	14935159	1	1	0	0	1	44
chr16	14933494	14935159	1	1	1	0	8	44
chr16	14935398	14937564	1	1	1	0	2	38
chr16	14935398	14941811	1	1	0	0	1	36
chr16	14937651	14941811	1	1	1	0	7	46
chr16	14945982	14948929	1	1	1	0	2	21
chr16	14949038	14950049	1	1	1	0	3	28
chr16	14949937	14950049	1	1	1	0	1	34
chr16	14950111	14950219	1	1	1	0	3	19
chr16	14950256	14951614	1	1	1	0	5	36
chr16	14950822	14951614	1	1	1	0	4	44
chr16	14951838	14951963	2	2	0	0	2	34
chr16	15104409	15104479	1	1	0	0	6	26
chr16	15104605	15363789	1	1	0	0	6	46
chr16	15104759	15106114	2	2	1	0	5	26
chr16	15106321	15107329	2	2	1	0	3	28
chr16	15107438	15110413	2	2	1	0	2	21
chr16	15114572	15118925	2	2	1	0	4	41
chr16	15125808	15127469	2	2	1	0	3	44
chr16	15126899	15152572	2	2	0	0	1	43
chr16	15127597	15127686	2	2	1	0	1	35
chr16	15127898	15127991	2	2	1	0	3	13
chr16	15128390	15129881	2	2	1	0	1	19
chr16	15137924	15138191	2	2	1	0	6	19
chr16	15138264	15138384	2	2	1	0	9	42
chr16	15138457	15154349	2	2	1	0	12	37
chr16	15363859	15363915	1	1	0	0	1	43
chr16	15364070	15365428	2	2	1	0	5	36
chr16	15365465	15365573	2	2	1	0	3	19
chr16	15365635	15366652	2	2	1	0	3	28
chr16	15366761	15369711	2	2	1	0	2	21
chr16	15369857	15370019	2	2	1	0	3	38
chr16	15727432	15744733	2	2	0	0	3	39
chr16	16599059	16629523	1	1	0	0	1	46
chr16	18873077	18888087	2	2	0	0	3	25
chr16	20483178	20486398	1	1	0	0	5	24
chr16	20483178	20486573	1	1	1	0	3	34
chr16	20537363	20540653	2	2	1	0	3	34
chr16	20537538	20540653	2	2	0	0	5	24
chr16	21458050	21458520	2	2	1	0	3	46
chr16	22480383	22480853	1	1	1	0	3	46
chr16	23390285	23394887	2	2	1	1	0	38
chr16	23503864	23588236	2	2	0	0	2	43
chr16	24587225	24651460	2	2	0	0	4	46
chr16	28240816	28404164	2	2	0	0	4	28
chr16	28380139	28380291	2	2	1	0	3	44
chr16	28380792	28383117	2	2	1	0	2	7
chr16	28390646	28390839	2	2	1	0	1	37
chr16	28400670	28400858	2	2	1	0	1	41
chr16	28401397	28401538	2	2	1	0	1	30
chr16	28405272	28409953	2	4	0	0	1	25
chr16	28641679	28648134	1	1	0	0	3	30
chr16	28641679	28762250	1	1	0	0	3	30
chr16	28665549	28697277	1	1	0	0	1	14
chr16	28705363	28710033	1	3	0	0	1	25
chr16	28713767	28713908	1	1	1	0	1	30
chr16	28714447	28714635	1	1	1	0	1	41
chr16	28724464	28724657	1	1	1	0	1	37
chr16	28732193	28734519	1	1	1	0	2	7
chr16	28735020	28735172	1	1	1	0	3	44
chr16	28755769	28762250	1	1	0	0	3	30
chr16	28760627	29040578	2	2	0	0	4	33
chr16	28860912	29047218	1	1	0	0	3	45
chr16	28862531	28863161	2	2	1	0	1	23
chr16	28906590	28928345	2	2	0	0	1	20
chr16	29050563	29050671	1	1	1	0	8	30
chr16	29050708	29052071	1	1	1	0	5	34
chr16	29384290	29385649	2	2	1	0	5	34
chr16	29385686	29385794	2	2	1	0	4	26
chr16	29485509	29485679	1	1	0	0	1	42
chr16	29485834	29487193	2	2	1	0	5	34
chr16	29487230	29487338	2	2	1	0	4	26
chr16	29500275	29505472	2	2	1	0	1	19
chr16	29829428	29854706	2	2	0	0	1	20
chr16	29908926	29953385	2	2	0	0	1	46
chr16	30262851	30310731	2	2	0	0	1	31
chr16	30684282	30684857	2	4	0	0	1	47
chr16	30854752	30882005	1	3	0	0	1	25
chr16	31017598	31114307	1	1	0	0	2	45
chr16	31115007	31116294	2	2	0	0	1	37
chr16	32758604	32758695	1	1	1	0	6	43
chr16	32784539	32832223	2	2	0	0	1	39
chr16	32810752	32824417	1	1	0	0	1	23
chr16	33111713	33111804	2	2	1	0	6	43
chr16	33112150	33112445	2	2	1	0	2	3
chr16	56573736	56735750	2	2	0	0	4	28
chr16	56608684	56608991	1	1	1	0	1	30
chr16	56609058	56609262	1	1	1	0	41	46
chr16	56625880	56626465	1	1	1	0	1	25
chr16	56626532	56626879	1	1	1	0	1	3
chr16	56633406	56633750	1	1	1	0	5	28
chr16	56639330	56639858	1	1	1	0	18	46
chr16	56658087	56658674	1	1	1	0	2	23
chr16	56658741	56659072	1	1	1	0	15	36
chr16	56666971	56667311	2	2	1	0	50	36
chr16	56683231	56683957	1	1	1	0	2	26
chr16	58583954	58621703	1	1	0	0	1	36
chr16	58583954	58622097	1	1	0	0	1	36
chr16	66827565	66830846	2	2	1	0	1	3
chr16	67076166	67160646	1	1	0	3	0	12
chr16	68249891	68272015	1	3	0	0	1	13
chr16	68906116	68926429	1	1	0	0	2	32
chr16	69857295	69878006	2	2	0	1	0	15
chr16	70230485	70370825	0	0	0	0	12	36
chr16	71787194	71810483	2	2	0	0	1	47
chr16	74862645	74885652	2	2	0	0	2	35
chr17	679487	713624	2	2	0	0	1	27
chr17	1355392	1382592	2	2	0	0	1	27
chr17	1434565	1472982	2	2	0	0	2	36
chr17	1537042	1537122	1	3	0	0	1	45
chr17	1634214	1698312	2	2	0	0	4	45
chr17	1657521	1704099	2	2	0	0	1	35
chr17	2226515	2264837	1	1	0	0	1	46
chr17	2512338	2512473	2	4	0	0	1	46
chr17	2539752	2640610	2	2	0	0	3	43
chr17	2570506	2575539	2	4	0	0	1	27
chr17	2582416	2616995	2	2	0	0	1	26
chr17	2728393	2732503	1	1	0	0	1	46
chr17	3602909	3629514	1	1	0	0	1	25
chr17	3819343	3826798	1	1	0	0	3	46
chr17	4099641	4187762	1	1	0	0	3	45
chr17	4573622	4602410	2	2	0	0	1	39
chr17	4630625	4652218	2	2	0	0	1	43
chr17	4698420	4732210	1	1	0	0	1	15
chr17	5021407	5054165	2	2	0	0	1	25
chr17	5377641	5398702	2	2	0	0	1	30
chr17	6662094	6708017	1	3	0	0	1	25
chr17	8224442	8280379	1	1	0	0	2	31
chr17	9034468	9063141	1	3	0	0	1	27
chr17	10318101	10322256	1	3	0	3	0	16
chr17	13799118	13841110	2	2	0	0	1	43
chr17	15417069	15462213	1	1	0	0	1	39
chr17	15986893	15987265	2	2	1	0	1	21
chr17	16228621	16230093	2	2	0	0	8	46
chr17	18610468	18611640	1	1	1	0	2	24
chr17	18693455	18768298	2	2	0	0	5	46
chr17	18740994	18768298	2	2	0	0	5	46
chr17	18835621	18836069	2	2	1	0	2	5
chr17	18836135	18856043	2	2	1	0	4	44
chr17	19034186	19071881	2	2	0	0	1	32
chr17	19063839	19189947	2	2	0	0	3	41
chr17	19064047	19190155	2	2	0	0	77	44
chr17	19070774	19087714	1	1	1	0	1	28
chr17	19080121	19087714	1	1	1	0	3	19
chr17	19111786	19111919	2	2	0	0	1	44
chr17	19111920	19189379	2	2	0	0	2	34
chr17	19112547	19190155	2	2	0	0	77	44
chr17	19112549	19190155	2	2	1	0	3	3
chr17	19164373	19171958	2	2	1	0	3	19
chr17	19188424	19188934	2	2	0	0	1	25
chr17	19188748	19188881	1	1	0	0	1	44
chr17	19442311	19476602	2	2	0	0	1	37
chr17	21304554	21305050	1	1	1	0	3	8
chr17	21305129	21312141	1	1	1	0	4	8
chr17	21314755	21315049	0	0	0	0	3	35
chr17	27228921	27376223	1	1	0	0	5	46
chr17	30189089	30191742	1	3	0	0	1	28
chr17	30636284	30636811	2	2	0	0	3	44
chr17	31133702	31136258	1	3	1	0	1	13
chr17	36535703	36554412	1	1	0	0	1	22
chr17	37909251	37944339	2	2	0	0	1	23
chr17	38078347	38101402	1	1	1	0	3	16
chr17	38111523	38114778	1	1	1	0	1	30
chr17	38114887	38117539	1	1	1	0	2	37
chr17	38117741	38118186	1	1	1	0	6	44
chr17	38118284	38118407	1	1	1	0	5	32
chr17	38118442	38119292	1	1	1	0	7	27
chr17	38119408	38122799	1	1	1	0	25	42
chr17	38122965	38124038	1	1	1	0	30	47
chr17	38123428	38156287	2	4	0	0	1	26
chr17	38124144	38124569	1	1	1	0	51	44
chr17	38195941	38196366	2	2	1	0	51	44
chr17	38196472	38197545	2	2	1	0	30	47
chr17	38197711	38201104	2	2	1	0	25	42
chr17	38201220	38202071	2	2	1	0	7	27
chr17	38202106	38202237	2	2	1	0	5	32
chr17	38202335	38202780	2	2	1	0	6	44
chr17	38202982	38205634	2	2	1	0	2	37
chr17	38205743	38208994	2	2	1	0	1	30
chr17	38219124	38242200	2	2	1	0	3	16
chr17	38271099	38292731	2	2	0	0	1	46
chr17	38718157	38736616	2	2	0	0	1	44
chr17	38737362	38813045	2	2	0	0	2	40
chr17	38781532	38783124	1	1	0	0	1	38
chr17	39351112	39389595	1	5	0	0	1	45
chr17	39479957	39480296	2	2	0	3	0	12
chr17	40043674	40046530	1	1	0	0	1	31
chr17	41694802	41704499	2	4	0	0	1	27
chr17	42256018	42286162	1	1	0	0	1	38
chr17	42924402	43001876	1	1	0	0	6	46
chr17	42930105	42950222	2	4	0	0	1	27
chr17	42955677	43084401	1	1	0	0	3	45
chr17	43004371	43037075	2	2	0	0	2	31
chr17	43009540	43057620	1	1	0	0	3	46
chr17	43032742	43046153	2	2	0	0	1	41
chr17	44067082	44165515	2	2	0	0	2	43
chr17	44294342	44329467	2	2	0	0	1	46
chr17	44364705	44439926	1	1	0	0	2	26
chr17	45276944	45302421	2	4	0	0	1	30
chr17	45622042	45629903	1	1	1	0	2	36
chr17	49343939	49346290	2	4	0	0	2	16
chr17	58638946	58653018	2	2	0	0	1	37
chr17	58684782	58697342	2	4	0	0	1	21
chr17	59232373	59280965	2	2	0	0	1	36
chr17	59574252	59607229	2	2	0	0	2	33
chr17	59579559	59579696	1	1	1	0	1	25
chr17	59579880	59586152	1	1	1	0	2	20
chr17	59586234	59587895	1	1	1	0	7	37
chr17	59588054	59598736	1	1	1	0	6	37
chr17	59598852	59599374	1	1	1	0	6	44
chr17	59801988	59869260	1	1	0	0	2	44
chr17	59976133	59976655	2	2	1	0	6	44
chr17	59976771	59987446	2	2	1	0	5	37
chr17	59987605	59989263	2	2	1	0	2	8
chr17	59989345	59995631	2	2	1	0	1	20
chr17	59995815	59995952	2	2	1	0	1	25
chr17	60462825	60590502	2	2	0	0	3	27
chr17	60681640	60728567	2	2	0	0	1	39
chr17	61920264	61957128	2	2	0	0	1	15
chr17	62450795	62452032	2	4	0	0	1	25
chr17	64826069	64827032	0	0	0	0	3	45
chr17	67409333	67425777	2	2	0	0	1	44
chr17	67427461	67468651	2	2	0	0	2	37
chr17	70657499	70691787	2	2	0	0	1	20
chr17	74948596	74967474	1	1	0	0	1	33
chr17	75192009	75230088	1	3	0	0	1	27
chr17	75231075	75259096	1	1	0	0	1	21
chr17	75284376	75418519	2	4	0	0	6	27
chr17	75800524	75838885	1	1	0	0	1	40
chr17	76067508	76113168	2	2	0	0	1	16
chr17	76760613	76786226	2	2	0	0	3	47
chr17	76825028	76855703	2	2	0	0	1	31
chr17	77277216	77310212	2	2	0	0	1	35
chr17	80229661	80273850	2	2	0	0	3	46
chr17	81978308	81987944	1	1	0	0	1	21
chr17	82577789	82605194	1	1	0	0	1	22
chr18	368741	406383	2	4	0	0	1	35
chr18	2991981	3081103	2	4	0	0	2	26
chr18	13031343	13051638	1	1	0	0	1	28
chr18	13098407	13098446	0	0	0	0	4	46
chr18	13737418	13748953	2	2	0	0	1	21
chr18	21455489	21475773	2	4	0	0	1	31
chr18	46161634	46432874	1	1	0	0	6	39
chr18	64741302	64746695	2	2	0	1	0	39
chr19	363424	492823	2	2	0	0	3	46
chr19	834905	1101013	1	1	0	0	5	43
chr19	838112	1101013	1	1	0	0	5	43
chr19	1995682	2030595	1	3	0	0	1	27
chr19	2030633	2070804	2	2	0	0	1	47
chr19	2172422	2267507	2	2	0	0	2	39
chr19	2563088	2622222	1	3	0	0	3	46
chr19	2691742	2738811	2	2	0	0	1	22
chr19	2734621	2735115	2	4	0	0	1	30
chr19	2924828	2965390	2	2	0	0	1	41
chr19	3195393	3237215	1	1	0	0	3	31
chr19	3427939	3473579	1	1	0	0	1	23
chr19	3685516	3727683	1	1	0	0	1	41
chr19	3715367	3747338	1	1	0	0	1	28
chr19	3766289	3766424	1	3	0	0	1	33
chr19	3879297	3928203	2	2	0	0	1	45
chr19	4459816	4460125	2	4	0	0	1	27
chr19	4698944	4780612	1	1	0	0	2	39
chr19	4745673	4789910	2	2	0	0	1	39
chr19	4839898	4862364	2	2	0	0	1	29
chr19	4876356	4889148	2	2	0	0	1	21
chr19	5607218	5639649	1	3	0	0	1	23
chr19	6322898	6327861	1	1	0	0	3	38
chr19	6322898	6357558	1	1	0	0	3	38
chr19	6715667	6722133	1	3	0	0	2	25
chr19	7389654	7390167	2	4	0	0	2	19
chr19	8234092	8244929	1	1	0	0	1	46
chr19	8417271	8534005	2	2	0	0	3	33
chr19	8652336	8712728	2	2	0	0	5	46
chr19	9152155	9163941	2	2	0	0	1	42
chr19	10098754	10198777	1	1	0	0	9	28
chr19	10438837	10476740	2	2	0	0	1	23
chr19	10482937	10501414	1	1	0	0	1	41
chr19	10628322	10630285	1	1	0	0	1	31
chr19	11008947	11053424	2	4	0	0	1	26
chr19	11068878	11069188	2	2	0	0	1	43
chr19	11220915	11255873	0	0	0	0	4	47
chr19	11821556	11823934	2	4	0	0	1	23
chr19	12077924	12123949	1	1	0	0	1	43
chr19	12253952	12254707	2	4	0	0	1	27
chr19	12957612	12968890	1	3	0	0	2	27
chr19	13266075	13298053	2	2	0	0	1	42
chr19	13678372	13698878	2	2	0	0	1	31
chr19	13780342	13793581	2	2	0	0	1	20
chr19	14123911	14126591	2	4	0	0	1	33
chr19	14214188	14246944	1	1	0	0	1	39
chr19	14242142	14246944	1	1	0	0	1	39
chr19	14397936	14398061	1	1	1	0	2	46
chr19	14765398	14765523	2	2	1	0	2	46
chr19	15022417	15071930	2	2	0	0	2	38
chr19	15022424	15085265	1	1	0	0	2	45
chr19	16432695	16433885	2	2	0	0	1	46
chr19	16551869	16551992	2	2	1	0	1	7
chr19	16663254	16674058	2	4	0	0	1	27
chr19	17292855	17296715	1	1	0	0	1	33
chr19	17739076	17758187	2	2	0	0	1	27
chr19	17750602	17776940	1	3	0	0	1	27
chr19	18247378	18255940	2	2	0	0	1	38
chr19	18251171	18251479	1	3	0	0	1	27
chr19	19285100	19299614	2	2	0	0	1	33
chr19	19361872	19384263	2	2	0	0	8	41
chr19	19659988	19660528	2	2	1	0	1	3
chr19	19901092	19915279	1	1	1	0	3	46
chr19	21033583	21034085	1	1	1	0	3	40
chr19	21733054	21744016	2	2	0	0	2	43
chr19	21744113	21744940	2	2	1	0	1	47
chr19	21744116	21744940	2	2	1	0	3	40
chr19	32753025	32761362	2	2	0	0	2	46
chr19	34103345	34106576	1	1	0	0	1	38
chr19	34366397	34401968	2	2	0	0	2	46
chr19	34678814	34682776	1	1	1	0	1	16
chr19	35810567	35865220	1	3	0	0	3	26
chr19	36164665	36210287	1	1	0	0	1	38
chr19	37379237	37379486	1	1	0	0	1	38
chr19	37737961	37746624	1	3	0	0	2	27
chr19	37861929	37883738	0	0	0	0	3	39
chr19	38633634	38634533	1	1	0	0	1	26
chr19	38867110	38880055	2	2	0	0	1	41
chr19	39357090	39359904	1	1	1	0	1	26
chr19	39531294	39531427	2	4	0	0	1	32
chr19	40298274	40347504	2	4	0	0	1	28
chr19	40382055	40454793	2	2	0	0	2	45
chr19	40437468	40438224	1	1	0	0	1	19
chr19	42306406	42321623	2	2	0	0	1	46
chr19	42383756	42385339	2	2	0	0	1	18
chr19	44100928	44101132	1	1	1	0	1	39
chr19	44172215	44172859	1	1	1	0	2	42
chr19	45561723	45574175	2	2	0	0	4	34
chr19	45723886	45730848	2	2	0	0	3	21
chr19	45978616	46004033	1	1	0	0	1	28
chr19	45996466	46045378	1	1	0	0	1	19
chr19	46830503	47030254	2	2	0	0	6	46
chr19	47014870	47030254	2	2	0	0	5	46
chr19	47143336	47254705	2	2	0	0	15	46
chr19	47587823	47616442	1	1	0	0	1	42
chr19	47759568	47846821	1	1	0	0	2	46
chr19	47795356	47835479	1	1	0	0	3	30
chr19	48249848	48255791	2	2	1	0	3	42
chr19	48263185	48270144	2	2	1	0	2	7
chr19	48957574	48959321	2	4	0	0	1	28
chr19	49015687	49015816	1	1	1	0	1	44
chr19	49295303	49336480	2	2	0	0	1	45
chr19	49482741	49483597	2	4	0	0	1	38
chr19	49518746	49532584	1	3	0	0	1	28
chr19	50396883	50397185	1	1	0	0	1	41
chr19	50778700	50787734	2	2	0	0	1	20
chr19	52001909	52002154	2	2	1	0	1	33
chr19	52040584	52041479	2	2	1	0	1	42
chr19	52314280	52315833	1	1	1	0	1	42
chr19	52592229	52595616	1	1	1	0	1	26
chr19	52951585	52952750	2	2	1	0	1	26
chr19	52974493	53100395	1	1	0	0	3	34
chr19	53752853	53815842	2	2	0	0	2	45
chr19	55167464	55192237	2	2	0	0	1	18
chr19	55959490	55990595	1	3	0	0	11	41
chr19	56656193	56691416	2	4	0	0	2	47
chr19	57606826	57687779	2	2	0	0	3	24
chr19	57740144	57745472	1	1	0	0	1	34
chr20	3568076	3627957	1	1	0	0	2	41
chr20	9782975	9860423	0	0	0	0	3	32
chr20	15377123	15401270	2	2	0	0	1	34
chr20	21425332	21457894	1	3	0	0	1	27
chr20	21895330	21962158	1	1	0	0	2	46
chr20	25751339	25752562	1	1	1	0	5	26
chr20	28582030	28583018	2	2	1	0	1	33
chr20	28590615	28591393	2	2	1	0	2	18
chr20	29081403	29082601	1	1	1	0	2	10
chr20	29091720	29092500	1	1	1	0	2	18
chr20	29096833	29100368	0	0	1	0	2	32
chr20	29481469	29482453	2	2	1	0	26	45
chr20	29494956	29496149	2	2	1	0	4	45
chr20	32011387	32502692	2	2	0	0	6	30
chr20	32176862	32177340	1	1	0	0	1	17
chr20	32212999	32246994	2	2	0	0	1	24
chr20	32487051	32502692	2	2	0	0	6	30
chr20	34101906	34196405	2	2	0	0	4	46
chr20	34133365	34223913	2	2	0	0	2	36
chr20	34528098	34620596	1	1	0	0	2	46
chr20	34694040	34701362	2	2	0	0	1	41
chr20	34755968	34834221	2	2	0	0	3	33
chr20	34755968	34866811	2	2	0	0	3	41
chr20	35746854	35763814	1	3	0	0	2	27
chr20	36490980	36535543	1	1	0	0	1	46
chr20	36621939	36652335	2	2	0	0	1	25
chr20	36980264	36981076	1	3	0	0	1	41
chr20	43698423	43741368	1	3	0	0	1	27
chr20	48664160	48860625	1	1	0	0	5	46
chr20	48664160	48871944	1	1	0	0	5	46
chr20	48664160	48971686	1	1	0	0	5	46
chr20	48664160	49125631	1	1	0	0	5	46
chr20	49093657	49139925	2	2	0	0	1	46
chr20	51809943	51825366	1	1	0	0	5	41
chr20	51942945	51986183	2	4	0	0	1	45
chr20	53349625	53383733	2	4	0	0	2	27
chr20	56679705	56720368	2	2	0	0	1	29
chr20	63630210	63826507	1	1	0	0	6	46
chr20	63630210	63849474	1	1	0	0	4	46
chr21	6318605	6320844	1	1	1	0	2	29
chr21	6318605	6320871	1	1	1	0	29	46
chr21	6318605	6320882	1	1	1	0	20	38
chr21	6318605	6329547	1	1	1	0	1	36
chr21	6322698	6323873	1	1	1	0	1	11
chr21	6322698	6329547	1	1	1	0	22	47
chr21	6322698	6332408	1	1	1	0	1	28
chr21	6322698	6353085	1	1	1	0	5	41
chr21	6323689	6324851	1	1	0	0	2	43
chr21	6324087	6329547	1	1	1	0	4	26
chr21	6324087	6359615	1	1	0	0	1	31
chr21	6325526	6328641	2	4	0	0	1	37
chr21	6348305	6354978	1	1	0	0	2	25
chr21	6634148	6640821	2	2	0	0	2	25
chr21	6636041	6666428	2	2	1	0	5	41
chr21	6656718	6666428	2	2	1	0	1	28
chr21	6659579	6665039	2	2	1	0	4	26
chr21	6659579	6666428	2	2	1	0	22	47
chr21	6659579	6670521	2	2	1	0	1	36
chr21	6660485	6663600	1	3	0	0	1	37
chr21	6665253	6666428	2	2	1	0	1	11
chr21	6668244	6670521	2	2	1	0	20	38
chr21	6668255	6670521	2	2	1	0	29	46
chr21	6668282	6670521	2	2	1	0	2	29
chr21	6721992	6724550	1	1	1	0	2	19
chr21	6986649	6992109	2	2	1	0	4	26
chr21	6986649	6993498	2	2	1	0	22	47
chr21	6986649	6997591	2	2	1	0	1	36
chr21	6987555	6990670	1	3	0	0	1	37
chr21	6992323	6993498	2	2	1	0	1	11
chr21	6995033	6995140	2	2	1	0	1	8
chr21	6995314	6997591	2	2	1	0	20	38
chr21	6995325	6997591	2	2	1	0	29	46
chr21	6995352	6997591	2	2	1	0	2	29
chr21	7049061	7081048	1	1	1	0	2	36
chr21	7061406	7081048	1	1	1	0	1	9
chr21	7081214	7085244	1	1	1	0	1	39
chr21	7085683	7086967	1	1	1	0	2	32
chr21	7086457	7086967	1	1	1	0	3	10
chr21	7111772	7117562	1	1	0	0	1	41
chr21	7128840	7130061	1	1	0	0	2	19
chr21	7443184	7462826	1	1	1	0	1	9
chr21	7462992	7467022	1	1	1	0	1	39
chr21	7467461	7468745	1	1	1	0	2	32
chr21	7468235	7468745	1	1	1	0	3	10
chr21	7493550	7499340	1	1	0	0	1	41
chr21	7626570	7627791	2	2	0	0	2	19
chr21	7639069	7644859	2	2	0	0	1	41
chr21	7669660	7670170	2	2	1	0	3	10
chr21	7669660	7670944	2	2	1	0	2	32
chr21	7671383	7675413	2	2	1	0	1	39
chr21	8759139	8761275	1	1	1	0	1	22
chr21	9077715	9127488	2	2	1	0	1	21
chr21	22361511	22614923	1	3	0	0	12	43
chr21	27456440	27501439	2	2	0	0	1	46
chr21	33348657	33355870	1	3	0	0	1	43
chr21	33503451	33510562	2	2	0	0	1	46
chr21	33593195	33653610	2	2	0	0	3	45
chr21	36859166	36868058	1	3	0	0	1	46
chr21	36916587	36939982	1	1	0	0	1	31
chr21	44754295	44820727	1	1	0	0	2	39
chr22	11825548	11832760	1	1	1	0	3	19
chr22	11827659	11832760	1	1	1	0	1	8
chr22	11846350	11868678	2	2	1	0	1	3
chr22	11846350	11878919	2	2	1	0	1	3
chr22	12159593	12164722	2	2	1	0	1	8
chr22	12159593	12166829	2	2	1	0	4	19
chr22	12298879	12309647	2	2	1	0	1	46
chr22	15214744	15223747	1	1	0	0	1	21
chr22	17878118	17897185	1	3	0	0	3	31
chr22	18173843	18176771	1	1	1	0	3	8
chr22	18345449	18345752	1	1	1	0	1	32
chr22	18516648	18516951	2	2	1	0	1	32
chr22	18773969	18774272	2	2	1	0	1	32
chr22	20476668	20482164	2	4	0	0	2	31
chr22	20930840	21130374	2	2	0	0	3	40
chr22	21106246	21115928	1	1	1	0	7	6
chr22	21116069	21117123	1	1	1	0	1	43
chr22	21117259	21118786	1	1	1	0	4	24
chr22	21118950	21121930	1	1	1	0	3	46
chr22	21118950	21121938	1	1	1	0	1	7
chr22	21288585	21291565	2	2	1	0	3	46
chr22	21291729	21293256	2	2	1	0	4	24
chr22	21358993	21543044	0	0	0	0	31	45
chr22	21391720	21428465	1	1	0	0	2	46
chr22	21425376	21426150	1	3	0	0	2	43
chr22	21435761	21439914	1	3	0	0	1	37
chr22	21494939	21499104	2	4	0	0	1	37
chr22	21504098	21504468	1	1	0	0	2	23
chr22	21508733	21509507	2	4	0	0	2	43
chr22	23967023	23967385	1	1	1	0	375	46
chr22	23967562	23968143	1	1	0	0	3	28
chr22	23971624	23973104	2	2	1	0	4	22
chr22	23971624	23973553	2	2	0	0	12	42
chr22	23971624	23973767	2	2	1	0	330	47
chr22	23971624	23974306	2	2	0	0	9	44
chr22	23973186	23973767	2	2	0	0	3	28
chr22	23973344	23973767	2	2	1	0	7	23
chr22	23973944	23974306	2	2	1	0	375	46
chr22	26304197	26329312	0	0	0	0	3	36
chr22	35354918	35366899	2	2	0	0	3	26
chr22	36122620	36170778	0	0	0	0	3	47
chr22	36296472	36321180	1	1	0	0	1	23
chr22	36420004	36442068	2	4	0	0	1	25
chr22	38094306	38123955	2	2	0	0	1	41
chr22	38577392	38646494	2	2	0	0	6	46
chr22	39529918	39530463	2	2	1	0	1	30
chr22	39541637	39591318	2	2	0	0	1	19
chr22	40477286	40507898	1	1	0	0	2	32
chr22	41291733	41318584	2	2	0	0	1	36
chr22	41536325	41566856	1	3	0	0	1	39
chr22	42827578	42828100	2	2	0	0	1	17
chr22	43088576	43116689	2	2	0	0	1	46
chr22	44769066	44800336	2	2	0	0	5	41
chr22	45626082	45660649	2	2	0	0	5	30
chr22	50352655	50384484	1	1	0	0	1	31
chr22	50355459	50373475	2	2	0	0	2	23
chr22	50355459	50401439	2	2	0	0	2	23
chr22	50365577	50380886	1	3	0	0	1	37
chrX	641476	786964	1	1	0	0	3	41
chrX	747698	786964	1	1	0	0	3	41
chrX	764707	782477	2	2	0	0	4	39
chrX	1011590	1019411	1	1	0	0	5	39
chrX	1056787	1120130	2	2	0	0	2	33
chrX	1072953	1107501	1	1	0	0	2	39
chrX	1120131	1159395	2	2	0	0	1	35
chrX	1132856	1141014	1	1	0	0	1	44
chrX	1649139	1672803	2	2	0	0	1	41
chrX	1840845	1858192	1	3	0	0	1	45
chrX	7843306	7843497	1	1	1	0	5	28
chrX	7843753	7843812	1	1	1	0	1	15
chrX	7843843	7843932	1	1	0	0	1	19
chrX	8170350	8170541	2	2	1	0	5	28
chrX	9885828	9893828	2	2	0	0	1	16
chrX	10941272	10967229	2	2	0	0	1	39
chrX	16636710	16668359	1	1	0	0	1	40
chrX	16791668	16812475	2	2	0	0	1	32
chrX	18973236	19080140	2	2	0	0	3	33
chrX	23709329	23735176	1	1	0	0	2	15
chrX	23978267	24147912	1	3	0	0	4	28
chrX	24127841	24143799	2	2	0	0	1	13
chrX	25404149	25408292	1	1	0	0	1	35
chrX	41249515	41289854	2	2	0	0	2	43
chrX	41309696	41341067	2	2	0	0	1	17
chrX	41325247	41372963	2	2	0	0	2	43
chrX	41444291	41476640	1	1	0	0	1	32
chrX	42208087	42430795	2	2	0	0	8	41
chrX	44722571	44758688	1	1	0	0	1	36
chrX	46391986	46394341	2	4	0	0	1	27
chrX	46395624	46396021	2	2	0	0	1	39
chrX	46450476	46462747	1	1	1	0	1	22
chrX	47392125	47439476	1	1	0	0	2	28
chrX	48147997	48148307	2	2	0	0	1	18
chrX	48266392	48266853	1	1	1	0	1	10
chrX	48266944	48327567	1	1	0	0	4	34
chrX	48266944	48392845	1	1	0	0	4	34
chrX	48994455	49005549	2	2	0	0	1	41
chrX	49060244	49091566	1	1	0	0	2	40
chrX	49089107	49091566	1	1	0	0	2	40
chrX	49691375	49694098	2	2	1	0	1	26
chrX	51898194	51898284	1	1	1	0	1	41
chrX	52495910	52497315	1	1	1	0	9	43
chrX	52496230	52497315	1	1	1	0	2	30
chrX	52497458	52497984	1	1	1	0	29	46
chrX	52497474	52497984	1	1	1	0	3	47
chrX	52498112	52500701	1	1	1	0	51	47
chrX	52512188	52514777	2	2	1	0	51	47
chrX	52514905	52515415	2	2	1	0	3	47
chrX	52514905	52515431	2	2	1	0	29	46
chrX	52515574	52516659	2	2	1	0	2	30
chrX	52515574	52516979	2	2	1	0	9	43
chrX	52700579	52702580	2	2	1	0	1	9
chrX	52755850	52757853	1	1	1	0	1	9
chrX	53808120	53810636	1	1	0	0	1	37
chrX	56835786	56878861	1	1	0	0	1	17
chrX	71057910	71058456	2	2	0	0	1	33
chrX	71140223	71260162	1	3	0	0	9	45
chrX	71260182	71405512	1	3	0	0	8	37
chrX	71351611	71361404	1	1	0	0	4	39
chrX	71379393	71404249	1	1	0	0	1	37
chrX	73997422	74031096	1	1	0	0	1	46
chrX	75512297	75615802	1	3	0	0	3	44
chrX	76326439	76377200	1	1	0	0	2	24
chrX	77812864	77948342	1	1	0	0	3	39
chrX	81319731	81339936	1	1	0	0	1	33
chrX	97105104	97106904	2	2	0	0	1	27
chrX	101598130	101598448	1	1	0	0	3	14
chrX	101615296	101615640	2	2	0	0	1	39
chrX	101615341	101615659	2	2	0	0	3	14
chrX	101615468	101616671	2	2	0	0	8	42
chrX	101615761	101616671	2	2	1	0	16	47
chrX	101712310	101796723	0	0	0	0	3	37
chrX	102048610	102192345	1	1	0	0	3	24
chrX	102318830	102318949	1	1	1	0	1	26
chrX	102323853	102326262	1	1	1	0	1	40
chrX	102326324	102326469	1	1	1	0	9	40
chrX	102360646	102360791	2	2	1	0	9	40
chrX	102360853	102363262	2	2	1	0	1	40
chrX	103110753	103129867	2	2	0	0	1	46
chrX	103215765	103216148	1	1	1	0	8	28
chrX	103309982	103310357	2	2	1	0	8	28
chrX	103310434	103310895	2	2	1	1	0	18
chrX	103962724	103964505	1	1	1	0	29	44
chrX	103964623	103965538	1	1	1	0	32	26
chrX	103977190	103978011	1	1	0	0	2	41
chrX	104060850	104061672	2	2	0	0	2	41
chrX	104060850	104061682	2	4	1	0	6	43
chrX	104061879	104062078	2	2	1	0	6	34
chrX	104062138	104062427	2	2	0	0	2	17
chrX	104062138	104062560	2	2	1	0	2	27
chrX	104073325	104074240	2	2	1	0	32	26
chrX	104074358	104076139	2	2	1	0	29	44
chrX	104940782	105029304	1	1	0	0	2	43
chrX	118840731	118880745	1	3	0	0	1	25
chrX	119268878	119302578	1	1	0	0	1	39
chrX	120072846	120075899	2	2	1	0	1	27
chrX	120160404	120163457	1	1	1	0	1	27
chrX	120180233	120240226	2	2	1	0	4	46
chrX	123812755	123873242	1	3	0	0	2	39
chrX	135032576	135033124	1	1	1	0	1	47
chrX	135051369	135051916	2	2	1	0	9	47
chrX	136308192	136333605	2	2	0	0	1	26
chrX	149542067	149545367	1	1	1	0	1	3
chrX	149542086	149545367	1	1	1	0	4	17
chrX	149545501	149545601	1	1	1	0	1	21
chrX	149545884	149546738	1	1	1	0	39	41
chrX	149546918	149549415	1	1	1	0	11	37
chrX	149930082	149932588	2	2	1	0	11	37
chrX	149931453	149931916	1	1	0	0	2	33
chrX	149932346	149932433	0	0	0	0	7	38
chrX	149932768	149933621	2	2	1	0	39	41
chrX	149933904	149934004	2	2	1	0	1	21
chrX	149934138	149937413	2	2	1	0	4	17
chrX	149934138	149937432	2	2	1	0	1	3
chrX	152709001	152709460	2	2	1	0	1	13
chrX	152715158	152715956	1	1	1	0	1	6
chrX	152752514	152753312	2	2	1	0	1	6
chrX	154552190	154556164	1	1	1	0	1	27
chrX	154558651	154560406	1	1	1	0	3	40
chrX	154563702	154563958	1	1	1	0	2	19
chrX	154564021	154564318	1	1	1	0	5	39
chrX	154640119	154640416	2	2	1	0	5	39
chrX	154640479	154640735	2	2	1	0	2	19
chrX	154644032	154645787	2	2	1	0	3	40
chrX	155348891	155349581	1	1	1	0	11	45
chrX	155491667	155492356	2	2	1	0	11	45
chrX	155492496	155506897	2	2	1	0	3	44
chrY	641476	786964	1	1	0	0	3	41
chrY	747698	786964	1	1	0	0	3	41
chrY	764707	782477	2	2	0	0	4	39
chrY	1011590	1019411	1	1	0	0	5	39
chrY	1056787	1120130	2	2	0	0	2	33
chrY	1072953	1107501	1	1	0	0	2	39
chrY	1120131	1159395	2	2	0	0	1	35
chrY	1132856	1141014	1	1	0	0	1	44
chrY	1649139	1672803	2	2	0	0	1	41
chrY	1840845	1858192	1	3	0	0	1	45
chrY	10903697	10914835	1	1	0	0	1	41
chrY	20507210	20629276	2	2	0	0	3	28
MU273365.1	9709	56833	1	1	0	0	1	46
MU273365.1	65087	69723	2	4	0	0	1	42
MU273366.1	40397	81787	2	2	0	0	1	40
MU273366.1	131593	224420	1	3	0	0	2	24
MU273366.1	467521	522541	1	1	0	0	2	31
MU273333.1	436085	654474	1	1	0	0	4	45
MU273333.1	667055	668725	2	2	0	0	1	38
MU273333.1	683414	683509	1	1	1	0	2	37
MU273333.1	683650	683773	1	1	1	0	1	43
MU273333.1	886578	886701	2	2	1	0	3	43
MU273333.1	974680	974803	2	2	1	0	1	43
MU273333.1	974944	975039	2	2	1	0	2	37
MU273333.1	989703	991375	1	1	0	0	1	38
KZ208920.1	516184	516805	2	4	0	0	1	39
KN196474.1	80691	120570	2	2	0	0	1	31
MU273364.1	144182	144308	2	2	0	0	1	19
KQ031385.1	199220	217784	1	1	0	0	1	36
MU273342.1	88635	92761	1	1	1	0	3	6
MU273342.1	92877	93041	1	1	1	0	15	44
MU273342.1	154632	156295	1	1	1	0	1	20
MU273342.1	169453	169542	1	1	1	0	1	32
MU273342.1	173190	173283	1	1	1	0	1	9
MU273342.1	173357	175031	1	1	1	0	2	12
MU273342.1	175061	175150	1	1	1	0	1	29
MU273342.1	178962	180637	1	1	1	0	1	29
MU273342.1	180667	180760	1	1	1	0	2	16
MU273342.1	188146	188239	1	1	1	0	2	19
MU273342.1	188313	189998	1	1	1	0	11	29
MU273342.1	190028	190122	1	1	1	0	11	32
MU273342.1	190196	191874	1	1	1	0	11	29
MU273342.1	191904	191997	1	1	1	0	20	31
MU273342.1	192071	193747	1	1	1	0	18	28
MU273342.1	193777	193871	1	1	1	0	11	10
MU273342.1	193777	199506	1	1	0	0	1	29
MU273342.1	193945	199503	1	1	1	0	20	35
MU273342.1	193945	199506	1	1	1	0	27	45
MU273342.1	199578	208427	1	1	1	0	68	44
MU273342.1	199578	215963	1	1	0	0	1	42
MU273342.1	208522	220559	1	1	0	0	1	43
MU273342.1	208570	215963	1	1	1	0	44	38
MU273342.1	216178	218543	1	1	1	0	5	14
MU273342.1	218728	219854	1	1	1	0	7	31
MU273342.1	220770	222173	1	1	1	0	1	8
MU273342.1	222327	223841	1	1	1	0	1	25
MU273342.1	223913	224249	1	1	1	0	8	43
MU273342.1	224872	225471	1	1	1	0	3	22
MU273342.1	224872	239026	1	1	1	0	1	21
MU273342.1	259484	259575	1	1	1	0	5	37
MU273342.1	259706	260000	1	1	1	0	1	13
MU273342.1	259706	266237	1	1	1	0	19	39
MU273342.1	260222	266237	1	1	1	0	9	39
MU273342.1	418887	433066	2	2	1	0	1	21
MU273342.1	432467	433066	2	2	1	0	3	22
MU273342.1	433689	434025	2	2	1	0	8	43
MU273342.1	434097	435611	2	2	1	0	1	25
MU273342.1	435765	437168	2	2	1	0	1	8
MU273342.1	437379	449404	2	2	0	0	1	43
MU273342.1	438084	439210	2	2	1	0	7	31
MU273342.1	439395	441762	2	2	1	0	5	14
MU273342.1	441977	449356	2	2	1	0	44	38
MU273342.1	441977	458341	2	2	0	0	1	42
MU273342.1	449499	458341	2	2	1	0	54	44
MU273342.1	458413	462330	2	2	0	0	5	22
MU273342.1	458416	462330	2	2	1	0	18	35
MU273342.1	462528	464198	2	2	1	0	5	12
MU273342.1	464272	464365	2	2	1	0	20	31
MU273342.1	464395	466064	2	2	1	0	13	29
MU273342.1	466138	466231	2	2	1	0	3	6
MU273342.1	466261	467941	2	2	1	0	4	29
MU273342.1	468015	468109	2	2	1	0	11	32
MU273342.1	468139	469820	2	2	1	0	11	29
MU273342.1	469894	469987	2	2	1	0	2	19
MU273342.1	473029	482422	1	1	0	0	1	39
MU273342.1	473640	473733	2	2	1	0	1	29
MU273342.1	473763	475449	2	2	1	0	1	29
MU273342.1	477393	477482	2	2	1	0	1	30
MU273342.1	481164	481256	2	2	1	0	2	29
MU273342.1	481286	482967	2	2	1	0	2	11
MU273342.1	483041	483134	2	2	1	0	3	30
MU273342.1	483164	484829	2	2	1	0	3	20
MU273342.1	486892	510974	2	2	1	0	1	12
MU273342.1	506600	510974	2	2	1	0	3	22
MU273342.1	511149	511314	2	2	1	0	15	44
MU273374.1	779941	787767	1	1	1	0	13	46
MU273374.1	787870	792627	1	1	1	0	1	39
MU273374.1	804840	804979	2	2	0	0	1	25
MU273374.1	966216	966355	1	1	0	0	1	25
MU273374.1	1004409	1004471	2	4	0	0	1	36
MU273374.1	1004680	1005060	2	2	1	0	1	13
MU273374.1	1046917	1061350	2	2	1	0	3	13
ML143371.1	3732219	3743729	1	1	0	0	1	36
ML143371.1	4055003	4055856	1	1	1	0	1	39
ML143371.1	4055896	4056168	1	1	1	0	1	5
ML143371.1	4192954	4193226	2	2	1	0	1	5
ML143371.1	4193266	4194119	2	2	1	0	1	39
MU273380.1	212876	215432	1	3	1	0	1	13
ML143345.1	237357	250541	2	2	0	0	1	35
ML143345.1	248894	249331	2	2	0	0	3	36
ML143345.1	248894	255787	2	2	0	0	3	36
KQ458386.1	43270	44169	1	1	0	0	1	26
KQ458386.1	276782	289727	2	2	0	0	1	41
KV575244.1	150206	196639	2	2	0	0	1	47
KV575244.1	316729	350148	2	2	0	0	1	45
KV575244.1	361539	398315	1	1	0	0	1	46
KV575244.1	378566	398315	1	1	0	0	1	46
KV575244.1	463378	473078	1	1	0	0	1	26
KZ208912.1	224026	229347	1	1	0	0	2	40
KV880768.1	76574	166775	1	1	0	0	2	26
KV880768.1	1340537	1343766	1	1	0	0	1	36
KV880768.1	1655716	1668529	2	2	0	0	1	19
KV880768.1	1743361	1746592	2	2	0	0	1	36
GL383554.1	24623	25766	1	1	0	0	1	47
KI270905.1	546741	568585	2	2	1	0	2	30
KI270905.1	583879	585022	1	1	0	0	1	47
KI270905.1	866052	887849	1	1	1	0	2	30
KI270905.1	3159562	3183901	2	2	0	0	1	40
KI270905.1	3606889	3656417	2	2	0	0	1	44
KI270850.1	55502	55885	2	2	1	0	1	30
KI270850.1	85749	239861	1	1	0	0	8	46
KI270850.1	85762	174424	2	2	0	0	2	47
KI270850.1	91060	92463	1	1	0	0	1	21
KI270850.1	117280	271406	1	1	0	0	8	37
KI270850.1	174412	239861	1	1	0	0	8	46
KI270850.1	222731	223113	1	1	1	0	1	30
KI270850.1	264709	266112	2	2	0	0	1	21
KI270850.1	267007	302998	2	2	1	0	1	25
KI270853.1	298969	299025	2	2	0	0	1	34
KI270853.1	298976	299102	1	1	0	0	1	18
KI270853.1	299026	299153	2	2	0	0	3	24
KI270853.1	299095	299153	2	2	0	0	1	24
KI270853.1	299095	791294	2	2	0	0	4	47
KI270853.1	529788	532616	1	1	1	0	3	45
KI270853.1	535374	536865	1	1	1	0	1	19
KI270853.1	537264	537357	1	1	1	0	3	13
KI270853.1	537569	537658	1	1	1	0	1	35
KI270853.1	537786	539447	1	1	1	0	3	44
KI270853.1	550824	555176	1	1	1	0	4	41
KI270853.1	559334	562296	1	1	1	0	1	26
KI270853.1	565264	565322	2	2	0	0	1	24
KI270853.1	639768	639802	2	2	0	0	1	12
KI270853.1	649093	698247	0	0	0	0	3	35
KI270853.1	651498	651652	1	3	0	0	3	46
KI270853.1	717653	717780	1	1	0	0	3	24
KI270853.1	717653	717906	1	1	0	0	3	24
KI270853.1	718118	718910	2	2	1	0	8	44
KI270853.1	718118	719476	2	2	1	0	2	36
KI270853.1	719513	719621	2	2	1	0	3	25
KI270853.1	719683	720697	2	2	1	0	1	42
KI270853.1	723899	724061	2	2	1	0	3	31
KI270853.1	727927	732086	2	2	1	0	7	46
KI270853.1	727927	734339	2	2	0	0	1	36
KI270853.1	732173	734339	2	2	1	0	1	38
KI270853.1	734578	736243	2	2	1	0	8	44
KI270853.1	734578	736460	2	2	0	0	1	44
KI270853.1	736371	736460	2	2	1	0	5	26
KI270853.1	736672	736765	2	2	1	0	3	13
KI270853.1	737167	738661	2	2	1	0	1	19
KI270853.1	741383	744227	2	2	1	0	3	45
KI270853.1	753515	753782	2	2	1	0	5	19
KI270853.1	753855	753975	2	2	1	0	7	42
KI270853.1	754048	759678	2	2	1	0	10	37
KI270853.1	791169	791225	2	2	0	0	1	34
KI270853.1	791169	791294	2	2	0	0	3	47
KI270853.1	791176	791302	1	1	0	0	1	18
KI270853.1	814324	837099	1	1	1	0	2	5
KI270853.1	857379	971606	0	0	0	0	3	44
KI270853.1	869233	869267	1	1	0	0	1	12
KI270853.1	1021667	1021735	1	1	0	0	1	24
KI270853.1	1021805	1021861	1	1	0	0	1	43
KI270853.1	1022016	1023374	2	2	1	0	5	36
KI270853.1	1023411	1023519	2	2	1	0	3	19
KI270853.1	1023581	1024598	2	2	1	0	1	20
KI270853.1	1024707	1027656	2	2	1	0	1	21
KI270853.1	1027802	1027964	2	2	1	0	3	38
KI270853.1	1385443	1402744	2	2	0	0	3	39
KI270853.1	2260117	2290510	1	1	0	0	1	46
KI270861.1	87549	134127	2	2	0	0	1	35
GL000258.2	176443	176808	1	1	0	0	2	46
GL000258.2	1272635	1273631	2	2	0	0	1	13
KI270862.1	297418	324618	2	2	0	0	1	27
KI270908.1	324166	332027	1	1	1	0	2	36
KI270857.1	770607	789316	1	1	0	0	1	22
KI270857.1	2147860	2182949	2	2	0	0	1	23
KI270857.1	2306133	2327761	2	2	0	0	1	46
GL383575.2	94244	105206	2	2	0	0	2	43
GL383581.2	107581	114692	2	2	0	0	1	46
KI270879.1	203386	203748	1	1	1	0	380	46
KI270879.1	203925	204506	1	1	0	0	3	28
KI270879.1	207988	209468	2	2	1	0	4	22
KI270879.1	207988	209917	2	2	0	0	12	42
KI270879.1	207988	210131	2	2	1	0	330	47
KI270879.1	207988	210670	2	2	0	0	9	44
KI270879.1	209550	210131	2	2	0	0	3	28
KI270879.1	209708	210131	2	2	1	0	7	23
KI270879.1	210281	267287	1	3	0	0	2	13
KI270879.1	210308	210670	2	2	1	0	382	46
KI270879.1	210725	267341	0	0	0	0	3	36
MU273337.1	178538	178636	2	4	0	0	1	23
MU273338.1	297876	299273	2	2	0	0	1	43
KI270768.1	54550	70504	1	1	1	0	1	5
MU273340.1	270589	270833	2	2	1	0	1	19
MU273340.1	270973	272214	2	2	1	0	1	32
KI270897.1	141264	145735	1	1	1	0	1	11
KI270897.1	492452	497662	2	2	0	0	1	46
KI270897.1	492452	523803	2	2	0	0	1	33
KI270897.1	492452	549186	2	2	0	0	12	46
KI270897.1	492452	651350	2	2	0	0	12	46
KI270897.1	665696	668305	2	2	1	0	6	35
KI270897.1	719638	719725	2	2	1	0	5	28
KI270897.1	723423	748326	2	2	1	0	1	11
GL339449.2	37639	60871	1	1	0	0	1	32
GL339449.2	282562	290584	2	2	0	0	1	39
GL339449.2	350727	351101	1	1	1	0	3	26
GL339449.2	351157	375153	1	1	1	0	1	40
GL339449.2	355494	361685	1	1	1	0	15	47
GL339449.2	361777	361994	1	1	1	0	10	31
GL339449.2	362083	362730	1	1	1	0	27	45
GL339449.2	362839	365337	1	1	1	0	34	46
GL339449.2	365402	368557	1	1	1	0	27	45
GL339449.2	368662	369217	1	1	1	0	81	47
GL339449.2	369321	373290	1	1	1	0	133	40
GL339449.2	369321	383014	1	1	0	0	1	17
GL339449.2	373331	375041	1	1	1	0	87	41
GL339449.2	467558	496973	2	2	0	0	1	46
GL339449.2	486871	936785	2	2	0	0	5	46
GL339449.2	486871	1055931	2	2	0	0	5	46
GL339449.2	815597	835057	1	1	0	0	1	35
GL339449.2	911759	915348	1	1	1	0	3	27
GL339449.2	958130	971777	2	2	0	0	1	17
GL339449.2	966092	967802	2	2	1	0	87	41
GL339449.2	967843	971777	2	2	1	0	133	40
GL339449.2	971881	972436	2	2	1	0	81	47
GL339449.2	972541	975701	2	2	1	0	27	45
GL339449.2	975766	978266	2	2	1	0	35	46
GL339449.2	978375	979022	2	2	1	0	27	45
GL339449.2	979111	979328	2	2	1	0	6	25
GL339449.2	979420	985595	2	2	1	0	12	28
GL339449.2	989996	990370	2	2	1	0	3	26
GL339449.2	1128012	1132484	2	2	1	0	1	20
GL339449.2	1134583	1138154	2	2	1	0	3	27
KI270795.1	93756	101223	2	2	0	0	84	46
KI270898.1	89128	98149	2	2	0	0	84	46
GL000250.2	3116319	3145970	1	3	0	0	1	25
GL000251.2	1176934	1182167	2	2	0	0	1	43
GL000251.2	3260950	3290600	1	3	0	0	1	25
GL000251.2	3315573	3322301	1	3	0	0	1	27
GL000252.2	3031481	3061127	1	3	0	0	1	25
GL000252.2	3086106	3092835	1	3	0	0	1	27
GL000253.2	955525	960746	2	2	0	0	1	43
GL000254.2	955796	961022	2	2	0	0	1	43
GL000255.2	3094165	3100888	1	3	0	0	1	27
KI270810.1	160409	209429	2	2	0	0	1	42
MU273395.1	315812	315891	1	1	1	0	2	28
MU273395.1	324129	324589	2	2	0	0	1	13
MU273395.1	330293	331091	1	1	1	0	1	6
MU273395.1	354973	374644	1	1	0	0	1	13
MU273395.1	374184	374644	1	1	0	0	1	13
MU273395.1	382878	382957	2	2	1	0	2	28
MU273397.1	153290	164384	2	2	0	0	1	41
KI270728.1	1695964	1697113	1	1	1	0	1	7
KI270728.1	1863418	1864561	2	2	1	0	2	33
KI270728.1	1869506	1870512	2	2	1	0	1	44
KI270743.1	68418	70438	1	1	1	0	1	16
KI270743.1	69018	70438	1	1	1	0	11	21
KI270743.1	151552	152133	2	2	0	0	3	21
KI270743.1	206108	207517	2	2	1	0	11	21
