chr1	1445875	1447993	2	2	0	0	1	16
chr1	1525647	1561315	2	2	0	0	1	46
chr1	1882189	1909430	2	4	0	0	1	28
chr1	6415824	6534848	1	3	0	0	7	27
chr1	6604796	6650646	1	1	0	0	1	34
chr1	6620825	6655908	2	2	0	0	1	43
chr1	8776764	8777747	1	3	0	0	1	16
chr1	9489964	9725597	1	3	0	0	4	31
chr1	9804148	9806664	1	1	0	0	1	32
chr1	9829015	9892280	1	1	0	0	2	33
chr1	10220899	10244547	1	1	0	0	1	44
chr1	10458621	10468820	2	2	0	0	1	21
chr1	10729897	10731550	2	2	0	0	1	27
chr1	11079302	11089593	2	4	0	0	1	27
chr1	11635450	11670142	1	3	0	0	1	41
chr1	11994520	12015382	1	1	0	0	1	23
chr1	15577546	15590492	2	4	0	0	1	27
chr1	16520788	16521563	1	1	1	0	2	10
chr1	16521124	16521563	1	1	1	0	2	14
chr1	16649950	16650073	1	1	1	0	6	43
chr1	16668975	16669663	1	1	1	0	2	7
chr1	16737801	16738489	2	2	1	0	2	7
chr1	16757394	16757517	2	2	1	0	6	43
chr1	16757658	16757753	2	2	1	0	1	26
chr1	16888783	16889215	2	2	1	0	2	14
chr1	16888783	16889547	2	2	1	0	2	10
chr1	20826724	20852237	1	1	0	0	2	45
chr1	23607053	23621923	1	1	0	0	1	47
chr1	23786823	23873466	2	2	0	0	2	40
chr1	23853966	23936387	2	2	0	0	2	42
chr1	23983842	24013646	2	2	0	0	1	41
chr1	24006617	24023380	2	2	0	0	1	47
chr1	25233680	25234618	2	4	1	0	1	25
chr1	25296094	25370986	2	2	0	0	3	30
chr1	25306730	25316999	1	1	1	0	1	40
chr1	25321963	25328897	1	1	1	0	6	42
chr1	25362554	25370466	2	2	1	0	6	42
chr1	25370541	25375348	2	2	1	0	2	27
chr1	25375429	25385710	2	2	1	0	2	46
chr1	25375429	25388975	2	2	1	0	1	5
chr1	25388068	25410648	2	2	0	0	1	38
chr1	26113275	26141106	1	1	0	0	1	39
chr1	26305215	26305814	2	4	0	0	1	46
chr1	26428588	26429095	1	3	1	0	1	22
chr1	26441342	26627551	1	1	0	0	4	26
chr1	27019691	27186503	1	1	0	0	3	22
chr1	28114325	28126547	2	2	1	0	1	3
chr1	28328503	28509336	1	1	0	0	9	20
chr1	28443641	28445804	1	1	0	0	1	36
chr1	28676513	28698155	1	3	0	0	1	17
chr1	28695724	28708916	1	1	0	0	4	41
chr1	28720139	28789406	1	1	0	0	2	32
chr1	31864882	31888887	2	4	0	0	1	21
chr1	31923567	31978426	2	2	0	0	2	40
chr1	31993864	32004068	2	2	0	0	1	39
chr1	32222631	32224033	1	1	1	0	1	14
chr1	32224048	32231377	1	1	0	0	1	14
chr1	32226321	32226402	1	1	1	0	1	6
chr1	32230377	32231349	1	1	0	0	1	37
chr1	32567722	32596299	1	3	0	0	1	43
chr1	32675141	32675280	2	4	0	0	1	28
chr1	35168283	35258261	2	4	0	0	2	28
chr1	38975287	39041240	2	2	0	0	2	46
chr1	39095348	39185076	1	1	0	0	2	46
chr1	39512683	39521375	1	1	0	0	1	41
chr1	39762360	39763091	2	2	0	0	1	30
chr1	39764818	39773529	2	2	0	0	1	41
chr1	39910580	39938519	1	3	0	0	1	27
chr1	41054077	41075094	2	2	0	0	1	29
chr1	42277448	42277582	1	1	0	0	6	41
chr1	44552802	44607721	2	2	0	0	3	46
chr1	45368844	45422538	1	1	0	0	2	46
chr1	45527518	45538842	2	2	0	0	1	17
chr1	45567568	45577633	2	4	0	0	2	32
chr1	45735897	45736824	1	1	0	0	2	39
chr1	46223033	46232929	2	2	0	1	0	43
chr1	51195223	51195566	1	1	0	0	1	40
chr1	52892124	52894035	2	2	0	0	2	38
chr1	61714058	61716204	0	0	0	0	3	41
chr1	61714328	61768254	1	1	0	0	3	44
chr1	65081838	65113937	1	1	0	0	4	46
chr1	86627619	86631241	1	1	0	0	1	36
chr1	89046921	89047514	1	1	1	0	2	8
chr1	91824747	91835613	1	1	0	0	9	46
chr1	92777035	92810165	2	2	0	0	1	39
chr1	93325608	93337028	2	4	0	0	1	44
chr1	99792867	99833220	1	1	0	0	2	38
chr1	100975642	100975774	2	2	0	0	1	43
chr1	100975642	101016695	2	2	0	0	1	43
chr1	103170613	103179189	1	3	0	0	1	46
chr1	103551793	103555033	1	1	1	0	1	41
chr1	103575541	103577719	1	1	1	0	2	46
chr1	103577846	103579310	1	1	1	0	5	36
chr1	103600931	103678542	1	1	0	0	2	26
chr1	103647681	103655525	0	0	0	0	3	36
chr1	103663012	103664330	1	1	1	0	5	36
chr1	103687639	103688957	2	2	1	0	5	36
chr1	103696444	103704288	0	0	0	0	6	35
chr1	105744012	105786435	1	1	0	0	1	35
chr1	108798647	108817737	2	2	0	0	5	46
chr1	108798647	109055351	2	2	0	0	5	46
chr1	109055352	109101564	2	2	0	0	3	44
chr1	109738192	109738284	2	2	1	0	2	40
chr1	120319315	120319503	1	1	1	0	2	33
chr1	120578882	120579070	2	2	1	0	2	33
chr1	120913578	120914391	2	2	1	0	1	45
chr1	144330767	144331036	0	0	0	0	3	36
chr1	144418750	144419809	1	1	0	0	1	25
chr1	144567043	144568103	2	2	0	0	1	25
chr1	144635426	144635695	0	0	0	0	3	42
chr1	146985757	146986351	1	1	1	0	1	12
chr1	146986432	146987233	1	1	0	0	1	26
chr1	146986432	146991994	1	1	0	0	1	26
chr1	146986525	146987233	1	1	1	0	8	42
chr1	146987286	146987953	1	1	1	0	2	33
chr1	146988127	146988840	1	1	1	0	1	32
chr1	146988127	146993598	1	1	1	0	1	32
chr1	146988950	146989573	1	1	1	0	1	23
chr1	146990518	146991112	1	1	1	0	1	12
chr1	146991193	146991994	1	1	0	0	1	26
chr1	146991286	146991994	1	1	1	0	8	42
chr1	146992047	146992711	1	1	1	0	2	33
chr1	146992885	146993598	1	1	1	0	1	32
chr1	148024720	148025776	1	1	1	0	5	33
chr1	148531903	149555432	2	2	0	0	4	34
chr1	148776157	148778840	2	2	1	0	1	4
chr1	148905327	148922730	1	1	0	0	18	41
chr1	148929274	148931799	1	1	1	0	3	35
chr1	148931823	148932196	1	1	0	0	1	22
chr1	148931924	148932112	1	1	1	0	1	33
chr1	149054554	149555432	2	2	0	0	4	34
chr1	149190532	149197995	2	2	1	0	1	5
chr1	149198172	149198360	2	2	1	0	4	33
chr1	149198485	149201013	2	2	1	0	2	35
chr1	149201091	149240376	2	2	1	0	7	42
chr1	149351412	149354095	1	1	1	0	1	4
chr1	149833115	149834134	1	1	1	0	31	43
chr1	149833865	149834134	1	1	1	0	19	47
chr1	149834705	149834815	1	1	0	0	9	26
chr1	149835302	149836102	1	1	0	0	2	43
chr1	149835334	149836081	1	1	0	0	1	31
chr1	149835982	149836715	1	1	0	0	1	18
chr1	149857105	149857838	2	2	0	0	1	18
chr1	149857718	149858518	2	2	0	0	2	43
chr1	149857739	149858486	2	2	0	0	1	31
chr1	149859001	149859111	2	2	0	0	9	26
chr1	149859682	149859951	2	2	1	0	19	47
chr1	150304834	150312967	2	2	0	0	1	44
chr1	150376733	150380887	2	2	0	0	1	41
chr1	150428389	150500759	1	1	0	0	2	42
chr1	150572540	150645335	1	1	0	0	3	45
chr1	150722377	150735990	2	2	0	0	1	19
chr1	151182064	151201797	1	1	0	0	1	19
chr1	151272288	151273210	2	2	0	0	3	39
chr1	153874198	153903153	1	1	0	0	1	17
chr1	154148203	154173599	1	1	0	0	1	32
chr1	154204919	154208795	1	3	0	0	1	27
chr1	154205952	154281128	2	2	0	0	2	37
chr1	155298576	155341424	2	2	0	0	1	23
chr1	155414424	155449633	2	2	0	0	4	46
chr1	155417020	155476639	2	2	0	0	2	34
chr1	155426437	155522926	1	1	0	0	2	43
chr1	155492089	155501054	1	3	0	0	1	24
chr1	155846308	155924102	1	1	0	0	2	39
chr1	156290435	156290600	1	3	0	0	1	33
chr1	156379232	156383511	1	1	0	0	1	46
chr1	159609677	159624643	1	1	0	0	1	38
chr1	161206598	161208004	1	1	1	0	1	3
chr1	161323231	161329138	2	2	0	0	1	44
chr1	162532621	162573733	1	1	0	0	2	38
chr1	171578790	171599086	1	1	0	0	1	32
chr1	174614709	174632523	1	1	0	0	2	41
chr1	174622746	174634924	2	2	0	0	1	15
chr1	174622746	174638927	2	2	0	0	1	15
chr1	204401903	204445574	2	4	0	0	3	27
chr1	205086319	205087278	2	2	0	0	1	42
chr1	212176421	212187449	2	2	0	0	1	18
chr1	220079373	220082840	2	4	0	0	1	44
chr1	224141242	224143593	1	1	0	0	1	14
chr1	224143610	224144544	1	1	0	0	1	31
chr1	226170278	226180093	2	2	0	0	1	45
chr1	235066574	235095442	2	2	0	0	1	45
chr1	235072013	235103696	1	1	0	0	2	32
chr1	235440203	235518457	2	2	0	0	2	46
chr1	235440203	235522953	2	2	0	0	2	46
chr1	240676613	240732163	2	2	0	0	2	41
chr1	245303431	245470662	2	2	0	0	16	46
chr1	246685555	246810498	2	2	0	0	12	45
chr1	246882233	246892556	1	1	0	0	1	41
chr1	246929839	246938221	1	1	0	0	1	41
chr1	246929839	246940565	1	1	0	0	1	41
chr1	247226127	247250344	1	1	0	0	1	33
chr2	1643858	1768954	1	1	0	0	3	41
chr2	11995993	12092461	1	3	0	0	4	27
chr2	23961747	23973219	0	0	0	0	4	39
chr2	24151528	24185058	1	1	0	0	1	36
chr2	25692642	25926375	0	0	0	0	5	44
chr2	28872543	28909343	1	3	0	0	3	41
chr2	30092344	30190591	2	2	0	0	3	30
chr2	33787708	33856673	2	2	0	0	2	39
chr2	37185691	37222256	2	4	0	0	1	26
chr2	38451301	38463177	1	3	0	0	1	27
chr2	44301614	44317336	2	2	0	0	1	28
chr2	59979982	60017629	2	4	0	0	1	34
chr2	70215844	70221101	1	1	0	0	1	39
chr2	71271480	71279992	2	2	0	0	1	21
chr2	73153783	73190654	2	2	0	0	1	27
chr2	83774281	83915027	2	2	0	0	4	36
chr2	85356668	85361714	1	1	0	0	3	46
chr2	86720810	86740926	1	1	1	0	4	34
chr2	87052993	87055657	2	2	1	0	2	23
chr2	87055801	87075918	2	2	1	0	3	22
chr2	97113937	97118063	1	1	1	0	1	22
chr2	97118179	97118343	1	1	1	0	17	43
chr2	97118518	97122886	1	1	1	0	5	34
chr2	97122994	97124459	1	1	1	0	2	27
chr2	97122994	97127066	1	1	0	0	1	27
chr2	97127135	97127529	1	1	0	0	1	30
chr2	97142669	97213541	1	1	0	0	2	45
chr2	97179934	97181597	1	1	1	0	4	29
chr2	97179934	97189086	1	1	0	0	1	12
chr2	97181627	97181720	1	1	1	0	6	29
chr2	97181794	97183458	1	1	1	0	2	8
chr2	97185345	97185437	1	1	1	0	2	29
chr2	97185511	97187197	1	1	1	0	3	6
chr2	97187227	97211668	1	1	0	0	3	29
chr2	97187227	97213541	1	1	0	0	2	45
chr2	97187402	97189086	1	1	1	0	1	11
chr2	97187402	97204067	1	1	0	0	1	29
chr2	97189116	97213541	1	1	0	0	1	29
chr2	97189291	97190977	1	1	1	0	6	29
chr2	97189291	97204067	1	1	0	0	1	29
chr2	97191007	97191108	1	1	1	0	2	22
chr2	97191007	97211668	1	1	0	0	3	29
chr2	97191007	97213541	1	1	0	0	1	29
chr2	97191182	97192857	1	1	1	0	1	29
chr2	97192887	97192980	1	1	1	0	1	21
chr2	97194755	97194844	1	1	1	0	1	31
chr2	97200526	97202201	1	1	1	0	1	11
chr2	97202231	97202320	1	1	1	0	1	29
chr2	97204097	97204190	1	1	1	0	1	22
chr2	97204264	97209680	1	1	0	0	1	20
chr2	97207840	97207933	1	1	1	0	1	30
chr2	97211742	97213418	1	1	1	0	1	11
chr2	97213448	97213541	1	1	1	0	1	29
chr2	97213615	97215300	1	1	1	0	16	30
chr2	97215330	97215424	1	1	1	0	19	29
chr2	97215498	97216807	1	1	0	0	2	12
chr2	97215498	97216937	1	1	0	0	1	37
chr2	97215498	97217176	1	1	1	0	13	29
chr2	97217206	97217299	1	1	1	0	21	32
chr2	97217373	97219049	1	1	1	0	3	14
chr2	97217373	97219051	1	1	0	0	1	17
chr2	97219247	97224805	1	1	1	0	19	45
chr2	97219247	97224808	1	1	1	0	18	45
chr2	97224880	97233729	1	1	1	0	48	46
chr2	97233872	97235124	1	1	0	0	9	44
chr2	97233872	97241265	1	1	1	0	57	46
chr2	97241480	97243845	1	1	1	0	4	14
chr2	97244030	97245156	1	1	1	0	12	33
chr2	97246072	97247475	1	1	1	0	10	34
chr2	97247629	97249143	1	1	1	0	2	35
chr2	97249215	97249551	1	1	1	0	14	43
chr2	97249646	97250143	1	1	1	0	8	44
chr2	97250174	97250773	1	1	1	0	1	30
chr2	97284165	97284689	1	3	1	0	4	44
chr2	97284165	97284700	1	3	1	0	1	25
chr2	97284786	97284877	1	1	1	0	14	29
chr2	97284786	97291539	1	1	1	0	1	24
chr2	97285008	97285302	1	1	1	0	1	13
chr2	97285008	97285305	1	1	1	0	3	7
chr2	97285008	97291539	1	1	1	0	22	45
chr2	97285524	97291539	1	1	1	0	4	13
chr2	97416406	97422438	2	2	1	0	4	13
chr2	97416406	97422954	2	2	1	0	22	45
chr2	97416406	97423176	2	2	1	0	1	24
chr2	97422657	97422954	2	2	1	0	3	7
chr2	97422660	97422954	2	2	1	0	1	13
chr2	97423085	97423176	2	2	1	0	14	29
chr2	97423262	97423797	2	4	1	0	1	25
chr2	97423273	97423797	2	4	1	0	4	44
chr2	97423273	97423801	2	4	1	0	1	42
chr2	97506436	97507035	2	2	1	0	1	30
chr2	97507066	97507563	2	2	1	0	8	44
chr2	97507658	97507994	2	2	1	0	14	43
chr2	97508066	97509580	2	2	1	0	2	35
chr2	97509734	97511137	2	2	1	0	10	34
chr2	97512053	97513179	2	2	1	0	12	33
chr2	97513364	97515731	2	2	1	0	4	14
chr2	97515946	97523325	2	2	1	0	57	46
chr2	97515967	97523325	2	2	0	0	1	39
chr2	97522073	97523325	2	2	0	0	5	16
chr2	97523468	97532310	2	2	1	0	43	46
chr2	97532382	97535939	2	2	0	0	2	41
chr2	97532385	97536299	2	2	1	0	13	40
chr2	97536497	97538167	2	2	1	0	6	19
chr2	97538241	97538334	2	2	1	0	15	32
chr2	97538364	97540033	2	2	1	0	8	29
chr2	97540107	97540200	2	2	1	0	1	9
chr2	97540230	97541910	2	2	1	0	4	20
chr2	97540470	97541910	2	2	0	0	1	37
chr2	97540600	97541910	2	2	0	0	2	12
chr2	97541984	97542078	2	2	1	0	19	29
chr2	97542108	97543789	2	2	1	0	16	30
chr2	97543863	97543956	2	2	1	0	2	29
chr2	97543986	97545665	2	2	1	0	1	11
chr2	97547609	97547702	2	2	1	0	1	29
chr2	97547732	97549418	2	2	1	0	1	29
chr2	97549492	97549585	2	2	1	0	1	7
chr2	97551481	97553167	2	2	1	0	5	12
chr2	97553241	97553342	2	2	1	0	5	15
chr2	97555133	97555225	2	2	1	0	1	29
chr2	97555255	97556936	2	2	1	0	2	12
chr2	97557010	97557103	2	2	1	0	5	29
chr2	97557133	97558798	2	2	1	0	4	11
chr2	97558872	97558965	2	2	1	0	5	29
chr2	97558995	97560664	2	2	1	0	5	29
chr2	97560861	97584943	2	2	1	0	6	7
chr2	97575987	97576378	2	2	0	0	1	30
chr2	97576447	97580461	2	2	0	0	1	27
chr2	97580569	97584943	2	2	1	0	6	24
chr2	97585118	97585283	2	2	1	0	17	43
chr2	97585399	97589524	2	2	1	0	3	37
chr2	106019028	106032519	1	1	0	0	1	15
chr2	109577682	109639389	1	1	0	0	2	30
chr2	109629747	109644242	1	1	0	0	1	38
chr2	109811869	109846726	1	1	0	0	1	16
chr2	109903413	109905879	1	1	1	0	1	14
chr2	109914478	109915951	1	1	1	0	4	28
chr2	109919644	109920253	1	1	1	0	1	46
chr2	109920347	109921639	1	1	1	0	5	45
chr2	109921689	109924347	1	1	1	0	8	34
chr2	109993820	109994400	1	1	1	0	2	9
chr2	109995635	109995674	1	1	0	0	1	38
chr2	109995635	109995994	1	1	0	0	1	38
chr2	109995715	109996074	1	1	0	0	1	41
chr2	109995755	109995834	1	1	0	0	1	22
chr2	109996035	109996074	1	1	0	0	1	41
chr2	110156482	110160126	2	2	1	0	7	5
chr2	110375276	110375475	2	2	0	0	2	45
chr2	110375276	110375555	2	2	0	0	2	45
chr2	110375276	110375595	2	2	0	0	2	45
chr2	110375276	110375635	2	2	0	0	2	45
chr2	110375396	110375835	2	2	0	0	1	38
chr2	110375636	110375715	2	2	0	0	1	22
chr2	110375796	110375835	2	2	0	0	1	38
chr2	110377069	110377649	2	2	1	0	2	9
chr2	110379311	110382703	2	2	1	0	3	41
chr2	110447161	110449818	2	2	1	0	15	34
chr2	110449868	110451160	2	2	1	0	5	45
chr2	110451254	110451863	2	2	1	0	1	46
chr2	110455556	110457029	2	2	1	0	4	28
chr2	110465628	110468094	2	2	1	0	1	14
chr2	130218201	130225421	1	1	0	0	1	41
chr2	130962026	131002495	1	1	0	0	2	41
chr2	131758538	131766618	1	1	1	0	1	45
chr2	135109815	135127107	2	2	0	0	1	31
chr2	135176444	135179326	1	1	0	0	2	38
chr2	148385464	148427155	1	1	0	0	1	34
chr2	171709966	171711251	2	2	0	0	2	26
chr2	176186651	176208379	1	1	0	0	1	21
chr2	197444356	197473658	2	2	0	0	2	28
chr2	201917094	201962146	1	1	0	1	0	35
chr2	202422352	202466331	1	3	0	0	1	27
chr2	213929225	213946325	1	1	0	0	1	21
chr2	228572860	228607605	2	2	0	0	3	44
chr2	228572860	228760295	2	2	0	0	3	44
chr2	230031881	230038879	2	4	0	0	1	27
chr3	5021238	5064906	2	4	0	0	1	27
chr3	9367995	9522970	1	3	0	0	3	46
chr3	13252965	13276320	2	2	0	0	2	17
chr3	13905973	13968984	2	2	0	0	3	40
chr3	15339499	15371122	1	1	0	0	2	46
chr3	29376878	29377061	2	4	0	0	2	28
chr3	32583474	32599035	2	2	0	0	1	29
chr3	32765178	32768005	1	1	0	0	2	44
chr3	32765178	32769886	1	1	0	0	1	46
chr3	32919469	32935166	1	1	0	0	1	33
chr3	33571262	33591352	2	2	0	0	1	30
chr3	40619304	40644864	2	2	0	0	1	35
chr3	47399864	47444816	1	3	0	0	1	28
chr3	47476365	47476641	1	1	1	0	1	47
chr3	47712168	47759872	1	1	0	0	9	32
chr3	48294126	48451124	1	1	0	0	3	25
chr3	48906751	48913902	2	2	0	0	1	39
chr3	49019307	49019710	1	1	0	0	2	43
chr3	49050122	49064650	1	1	0	0	1	34
chr3	49330423	49546811	1	1	0	0	4	36
chr3	49517242	49545407	2	2	0	0	1	30
chr3	49921341	49938204	1	1	0	0	1	37
chr3	49979656	49987531	1	1	0	1	0	30
chr3	52321244	52354519	1	1	0	0	1	38
chr3	52776609	52950665	1	1	0	0	5	39
chr3	56853981	56898841	1	1	0	0	1	40
chr3	57042933	57090640	1	1	0	0	1	43
chr3	57632273	57644556	2	4	0	0	1	30
chr3	72920384	72964058	2	2	0	0	1	30
chr3	76857263	76871327	1	1	0	0	1	41
chr3	116072021	116076302	1	3	0	0	1	27
chr3	120038372	120068507	2	4	0	0	1	13
chr3	127597853	127626319	1	3	0	0	2	27
chr3	128606923	128704244	1	1	0	0	2	23
chr3	128897395	128943749	2	2	0	0	1	21
chr3	129222709	129236747	1	1	0	0	1	36
chr3	136356993	136359574	1	3	0	0	1	27
chr3	136967211	137005278	1	1	0	0	1	25
chr3	142044512	142048019	1	1	0	0	1	21
chr3	149563985	149585365	2	2	0	0	1	41
chr3	153074184	153102631	2	2	0	0	2	21
chr3	159392265	159402907	1	1	0	0	1	15
chr3	160146256	160175729	1	1	0	0	1	46
chr3	161431620	161529029	0	0	0	0	3	34
chr3	163150147	163239700	0	0	0	0	3	43
chr3	172199040	172262694	1	3	0	0	3	21
chr3	177278457	177306963	2	2	0	0	1	43
chr3	179383818	179419398	2	2	0	0	1	33
chr3	181733973	181879023	1	1	0	0	8	42
chr3	183060629	183199676	1	1	0	0	4	43
chr3	183561945	183605994	2	2	0	0	1	27
chr3	185870894	185871803	1	1	0	0	1	44
chr3	191248065	191337575	2	2	0	0	2	31
chr3	195658166	195661755	1	1	1	0	2	10
chr3	195661842	195662570	1	1	1	0	6	41
chr3	195662734	195663623	1	1	1	0	7	41
chr3	195662734	195664085	1	1	1	0	2	31
chr3	195664251	195666065	1	1	1	0	2	36
chr3	195666215	195668518	1	1	1	0	1	15
chr3	195668642	195671131	1	1	1	0	2	38
chr3	195671301	195672483	1	1	1	0	3	5
chr3	195672680	195673817	1	1	1	0	2	40
chr3	195673988	195677726	1	1	1	0	4	31
chr3	195677849	195681189	1	1	1	0	2	24
chr3	195681302	195681535	1	1	1	0	7	41
chr3	195683866	195685817	1	1	1	0	7	38
chr3	195686260	195701230	1	1	1	0	1	3
chr3	195913771	195953348	2	2	1	0	1	27
chr3	195963422	195965428	2	2	1	0	5	6
chr3	195965543	195967513	2	2	1	0	3	27
chr3	195967645	195967878	2	2	1	0	7	41
chr3	195967991	195971322	2	2	1	0	2	24
chr3	195971445	195974396	2	2	1	0	4	31
chr3	195972877	195973329	1	1	0	0	1	30
chr3	195974567	195975704	2	2	1	0	2	40
chr3	195975901	195977082	2	2	1	0	3	5
chr3	195977252	195979743	2	2	1	0	2	38
chr3	195982311	195984111	2	2	1	0	2	36
chr3	195984277	195985626	2	2	1	0	2	31
chr3	195984738	195985626	2	2	1	0	7	41
chr3	195985790	195986518	2	2	1	0	6	41
chr3	195986605	195990189	2	2	1	0	2	10
chr3	196084164	196161662	1	1	0	0	2	19
chr3	196129939	196176294	1	1	0	0	1	36
chr3	196602401	196695705	1	3	0	0	3	27
chr3	197786211	197813625	1	1	0	0	2	45
chr4	59557	60057	1	1	1	0	1	6
chr4	444433	472574	2	2	1	0	1	42
chr4	472702	473980	2	2	1	0	1	31
chr4	4589616	4621505	2	2	0	0	2	46
chr4	17031325	17108239	1	1	0	0	2	44
chr4	24515684	24515886	1	3	0	0	1	38
chr4	40326592	40358927	2	4	0	0	1	27
chr4	43696715	43724831	2	2	0	0	1	30
chr4	49163547	49254537	1	1	1	0	1	39
chr4	49276179	49278288	1	1	0	0	3	18
chr4	49311429	49324613	2	2	0	0	1	34
chr4	53248830	53298969	1	1	0	0	2	34
chr4	58389861	58580909	1	1	0	0	3	26
chr4	58577574	58580909	1	1	0	0	3	26
chr4	70111476	70156944	1	1	0	0	1	43
chr4	73981292	73981416	2	2	1	0	1	15
chr4	82434811	82446321	1	1	0	0	1	30
chr4	88876250	88925652	2	2	0	0	1	17
chr4	94028213	94056699	1	1	0	0	1	43
chr4	94523876	94549793	1	1	1	0	1	18
chr4	103239185	103251371	1	1	0	0	1	21
chr4	106012749	106042473	2	4	0	0	2	45
chr4	110239916	110256024	0	0	0	0	3	47
chr4	121921308	121986130	1	1	0	0	2	34
chr4	127930012	128018782	1	3	0	0	2	15
chr4	143662724	143675039	2	2	0	0	1	46
chr4	179624305	179648551	2	4	0	0	1	27
chr4	180396290	180439580	1	1	0	0	1	41
chr4	188500783	188542702	2	2	0	0	1	46
chr5	16711569	16723169	1	1	0	0	10	46
chr5	16899512	16908402	2	2	0	0	1	46
chr5	17235495	17250836	2	2	0	0	3	44
chr5	37269330	37360457	2	4	0	0	2	27
chr5	43512928	43513059	1	3	0	0	1	36
chr5	45836723	45925655	0	0	0	0	3	43
chr5	54005649	54071756	1	1	0	0	4	46
chr5	69100005	69102089	1	1	0	0	1	17
chr5	69203510	69203780	1	3	0	0	1	33
chr5	69638097	69640191	2	2	1	0	2	3
chr5	69920866	69975737	1	1	1	0	1	5
chr5	69975853	69977921	1	1	1	0	1	13
chr5	69975853	69978463	1	1	1	0	18	46
chr5	69979058	69985379	1	1	1	0	4	24
chr5	70122643	70122779	2	4	0	0	1	42
chr5	70132796	70139126	2	2	1	0	4	24
chr5	70139721	70142330	2	2	1	0	18	46
chr5	70140263	70142330	2	2	1	0	1	13
chr5	70140361	70142330	2	2	1	0	3	33
chr5	70142446	70197256	2	2	1	0	1	5
chr5	70197391	70219917	2	2	1	0	1	35
chr5	70217821	70219917	2	2	1	0	2	3
chr5	70401669	70406841	1	1	1	0	1	7
chr5	70420338	70421279	1	1	1	0	1	7
chr5	70421344	70449961	1	3	0	0	1	12
chr5	70421772	70422112	1	1	1	0	2	25
chr5	70422200	70422872	1	1	1	0	1	17
chr5	70422924	70423298	1	1	1	0	1	38
chr5	70423354	70427584	1	1	1	0	1	7
chr5	70433961	70434178	1	1	1	0	1	24
chr5	70435023	70440755	1	1	1	0	1	18
chr5	70435023	70445482	1	1	0	0	1	32
chr5	70437595	70440755	1	1	1	0	1	9
chr5	70440797	70447345	1	3	0	0	1	32
chr5	70441519	70445482	1	1	1	0	96	40
chr5	70441519	70447233	1	1	1	0	5	25
chr5	70445523	70447233	1	1	1	0	93	42
chr5	70455313	70473571	2	2	1	0	2	3
chr5	70455313	70516307	2	2	1	0	2	3
chr5	70479096	70479234	1	3	0	0	1	42
chr5	70481539	70495023	2	2	1	0	2	34
chr5	70481539	70516307	2	2	1	0	2	34
chr5	70481539	70555217	2	2	1	0	1	22
chr5	70492926	70495023	2	2	1	0	2	3
chr5	70514207	70516307	2	2	1	0	2	3
chr5	70580446	70585618	2	2	1	0	1	7
chr5	70850925	70853535	1	1	1	0	18	46
chr5	71032875	71042183	2	2	0	0	1	16
chr5	71033064	71061701	2	4	0	0	1	12
chr5	71035685	71042243	2	4	0	0	1	32
chr5	71035797	71037506	2	2	1	0	97	42
chr5	71037547	71038428	2	2	0	0	4	40
chr5	71037547	71041521	2	2	1	0	96	40
chr5	71037547	71048005	2	2	0	0	1	32
chr5	71038482	71041521	2	2	0	0	6	25
chr5	71042285	71045443	2	2	1	0	1	13
chr5	71048850	71049067	2	2	1	0	1	25
chr5	71055458	71059689	2	2	1	0	1	13
chr5	71059745	71060119	2	2	1	0	1	38
chr5	71060171	71060843	2	2	1	0	1	18
chr5	71060931	71061271	2	2	1	0	2	25
chr5	71061766	71062707	2	2	1	0	1	7
chr5	71140035	71142644	2	2	1	0	18	46
chr5	71284409	71289594	2	2	1	0	1	7
chr5	74941341	74942036	1	1	1	0	1	3
chr5	80268719	80276036	2	4	0	0	1	27
chr5	100280905	100283087	1	1	0	0	1	16
chr5	109446248	109626237	1	1	0	0	4	46
chr5	114918110	115058342	1	1	0	0	3	38
chr5	121214188	121249236	2	2	0	0	1	35
chr5	121670479	121698590	1	1	0	0	1	13
chr5	126576863	126581913	1	1	0	0	5	32
chr5	126956575	126971378	1	1	0	0	5	44
chr5	138002857	138006080	1	1	0	0	2	38
chr5	138002857	138011601	1	1	0	0	2	38
chr5	138447234	138494778	1	1	0	0	1	46
chr5	140374333	140584331	1	1	0	0	4	41
chr5	153295848	153296976	2	2	0	0	1	31
chr5	154595181	154613139	1	1	0	0	1	15
chr5	154595181	154622657	1	1	0	0	1	15
chr5	154705041	154735374	2	2	0	0	1	30
chr5	172254331	172259373	2	2	0	0	1	29
chr5	172259374	172304869	2	2	0	0	1	40
chr5	173172779	173176667	2	2	0	0	1	41
chr5	173681637	173699885	2	2	0	0	1	19
chr5	177422542	177589458	2	4	0	0	3	23
chr5	177954592	177963613	2	2	0	0	52	46
chr5	178705295	178957130	2	2	0	0	4	37
chr5	178791742	178957130	2	2	0	0	4	37
chr5	179540339	179587479	2	2	0	0	1	22
chr5	179551939	179637130	1	1	0	0	2	34
chr5	179815157	179815291	2	4	0	0	1	37
chr5	180263938	180310042	2	2	0	0	2	39
chr5	180372629	180412537	1	1	0	0	1	46
chr5	181262374	181442831	0	0	0	0	14	47
chr6	12107963	12108122	1	1	0	0	2	33
chr6	16674470	16675811	2	2	0	0	1	43
chr6	17797796	17832535	1	3	0	0	2	39
chr6	17957113	18007082	2	2	0	0	1	46
chr6	17982329	18007082	2	2	0	0	1	46
chr6	20730618	20736543	1	3	0	0	1	41
chr6	21664314	21758392	1	1	1	0	1	3
chr6	21754661	21758392	1	1	1	0	1	3
chr6	24338875	24365522	2	2	0	0	2	38
chr6	26407815	26414932	2	2	0	0	2	39
chr6	26723154	26723553	1	1	1	0	1	22
chr6	26778133	26778533	2	2	1	0	1	22
chr6	31783707	31813348	1	3	0	0	1	25
chr6	32092626	32094029	1	1	0	0	1	33
chr6	33470654	33496005	2	2	0	0	15	46
chr6	33470654	33561496	2	2	0	0	8	41
chr6	34187519	34189252	2	2	0	0	1	27
chr6	34348622	34543036	0	0	0	0	3	47
chr6	34417548	34418368	2	2	1	0	1	5
chr6	34418425	34421729	2	2	1	0	3	31
chr6	34421808	34424668	2	2	1	0	17	41
chr6	34424841	34425071	2	2	1	0	35	45
chr6	34425222	34426031	2	2	1	0	11	37
chr6	35683815	35685744	1	1	0	0	1	21
chr6	35683815	35721114	1	1	0	0	1	21
chr6	38541524	38545564	1	1	0	0	3	46
chr6	38541524	38683672	1	1	0	0	3	46
chr6	41803535	41844545	2	2	0	0	1	16
chr6	42111515	42184323	2	2	0	0	4	46
chr6	42582256	42678308	2	4	0	0	2	35
chr6	42887323	42891901	2	2	0	0	1	38
chr6	42887390	42910289	2	4	0	0	4	39
chr6	43000167	43092093	2	2	0	0	3	46
chr6	43151933	43165245	2	4	0	0	2	40
chr6	43538843	43538961	0	0	0	0	3	32
chr6	43539009	43539032	1	1	0	0	1	17
chr6	43539344	43539517	2	2	0	0	1	18
chr6	43588747	43590889	2	2	1	0	1	6
chr6	48335505	48380935	2	2	0	0	1	37
chr6	70529848	70539780	1	1	0	0	2	46
chr6	73770684	73894249	1	1	0	0	3	43
chr6	86864344	86902556	2	2	0	0	1	41
chr6	86878360	86902556	2	2	0	0	1	41
chr6	96449440	96494423	1	1	0	0	1	20
chr6	107432554	107435039	1	3	0	0	1	40
chr6	107506428	107508288	1	1	0	0	1	22
chr6	110867068	110873109	2	4	0	0	1	23
chr6	118989136	119239064	0	0	0	0	6	47
chr6	121953834	121980750	2	2	0	0	1	39
chr6	134167610	134358099	2	2	0	0	4	46
chr6	134245031	134255839	2	2	0	0	1	19
chr6	139252761	139284298	1	1	0	0	1	44
chr6	139318193	139328119	2	2	0	0	1	44
chr6	149942944	149945308	1	1	0	0	5	23
chr6	149945573	149946371	1	1	1	0	4	16
chr6	149946551	149947319	1	1	0	0	4	20
chr6	149946654	149947319	1	1	1	0	14	34
chr6	149947452	149948722	1	1	1	0	5	45
chr6	150020240	150020904	2	2	1	0	14	34
chr6	150021187	150021979	2	2	1	0	4	16
chr6	150022244	150024602	2	2	0	0	5	23
chr6	151100122	151234484	2	4	0	0	3	46
chr6	166868070	166949473	2	4	0	0	2	27
chr7	2250003	2250641	1	1	0	0	1	43
chr7	2282895	2302015	1	1	0	0	6	27
chr7	2822687	2858015	2	2	0	0	1	33
chr7	5433990	5471508	2	2	0	0	2	46
chr7	5468216	5471508	2	2	0	0	2	46
chr7	5933861	5945996	1	3	0	0	1	27
chr7	6309915	6339966	2	2	0	0	1	17
chr7	6350934	6351790	1	3	0	0	1	27
chr7	6397506	6495161	1	1	0	0	5	17
chr7	23291791	23331646	1	1	0	0	1	40
chr7	25085565	25134085	2	2	0	0	1	16
chr7	33058582	33208039	2	2	0	0	3	47
chr7	37143452	37143755	1	3	0	0	1	27
chr7	44718870	44730705	1	1	0	0	1	30
chr7	45097125	45128859	2	2	0	0	1	46
chr7	55809878	55855600	1	3	0	0	1	26
chr7	55854622	55947131	1	1	0	0	2	41
chr7	55998188	56040021	2	2	0	0	2	18
chr7	56011234	56011543	2	2	1	0	1	19
chr7	56011870	56015022	2	2	1	0	6	43
chr7	56017380	56019599	2	2	1	0	2	46
chr7	56037844	56038603	1	1	0	0	1	39
chr7	56068080	56089561	1	1	0	0	1	27
chr7	56428986	56469126	1	1	0	0	2	29
chr7	62603108	62608163	2	2	0	0	1	39
chr7	63635097	63788789	2	2	0	0	3	46
chr7	65150342	65153016	1	1	1	0	1	33
chr7	65153138	65167748	1	1	1	0	2	4
chr7	65167821	65170186	1	1	1	0	2	18
chr7	65170362	65179291	1	1	1	0	1	38
chr7	65517163	65580050	1	1	0	0	2	31
chr7	65525804	65528169	2	2	1	0	2	18
chr7	65528242	65542853	2	2	1	0	2	4
chr7	65542975	65545630	2	2	1	0	1	33
chr7	66106445	66111884	1	3	0	0	1	27
chr7	66130312	66158863	1	3	0	0	3	26
chr7	66229343	66234905	2	2	0	0	1	46
chr7	66532478	66533093	2	2	0	0	2	30
chr7	70511658	70547336	2	2	0	1	0	30
chr7	70833468	70853335	2	4	0	0	1	47
chr7	72918893	72923517	1	1	0	2	0	20
chr7	73586415	73630325	2	2	0	0	2	15
chr7	73759198	73773393	1	1	0	0	3	44
chr7	74548245	74841952	0	0	0	0	4	35
chr7	74691112	74698960	1	1	1	0	1	6
chr7	74711110	74716893	1	1	1	0	2	8
chr7	74716951	74728785	1	1	1	0	2	29
chr7	74728897	74730228	1	1	1	0	3	44
chr7	74730295	74732478	1	1	1	0	2	46
chr7	74732663	74733922	1	1	1	0	6	43
chr7	74733982	74735460	1	1	1	0	1	5
chr7	74735533	74736499	1	1	1	0	2	41
chr7	74736684	74738044	1	1	1	0	3	40
chr7	74738104	74743448	1	1	1	0	9	47
chr7	74743521	74744757	1	1	1	0	2	21
chr7	74744942	74745882	1	1	1	0	6	36
chr7	74745942	74746336	1	1	1	0	9	34
chr7	74746412	74748014	1	1	1	0	19	46
chr7	74748117	74749024	1	1	1	0	1	14
chr7	74749088	74749267	1	1	0	0	1	25
chr7	74751417	74752089	1	1	1	0	3	45
chr7	74752171	74753093	1	1	1	0	4	40
chr7	74753178	74753845	1	1	1	0	4	45
chr7	74754030	74755508	1	1	1	0	15	29
chr7	74755538	74756819	1	1	1	0	21	29
chr7	74756862	74757958	1	1	1	0	24	41
chr7	74758001	74758779	1	1	1	0	20	44
chr7	74758856	74759547	1	1	1	0	51	46
chr7	74758856	74759828	1	1	0	0	1	40
chr7	74758856	74759831	1	1	0	0	4	37
chr7	74802014	74803297	2	2	1	0	1	13
chr7	74878632	74882101	1	1	0	0	1	36
chr7	74890847	74891255	1	1	1	0	2	26
chr7	74891010	74894117	1	1	1	0	1	22
chr7	74891028	74894122	1	3	1	0	1	22
chr7	74891338	74891817	2	4	0	0	1	46
chr7	74893237	74902711	2	4	0	0	1	27
chr7	74894258	74896145	1	1	1	0	18	31
chr7	74896233	74896398	1	1	1	0	1	25
chr7	74896233	74897651	1	1	1	0	1	7
chr7	74896512	74897651	1	1	1	0	2	14
chr7	74897836	74900886	1	1	1	0	4	24
chr7	74900976	74905577	1	1	1	0	12	36
chr7	74911466	74993699	2	4	0	0	4	38
chr7	74986010	75036198	2	2	0	0	2	21
chr7	75102176	75226820	0	0	0	0	4	43
chr7	75142666	75143949	1	1	1	0	1	13
chr7	75186244	75187219	2	2	0	0	4	37
chr7	75186247	75187219	2	2	0	0	1	40
chr7	75186528	75187219	2	2	1	0	51	46
chr7	75187296	75188074	2	2	1	0	20	44
chr7	75188117	75189214	2	2	1	0	24	41
chr7	75189257	75190538	2	2	1	0	21	29
chr7	75190568	75192046	2	2	1	0	15	29
chr7	75192231	75192898	2	2	1	0	3	41
chr7	75192981	75193902	2	2	1	0	1	36
chr7	75193984	75194656	2	2	1	0	3	45
chr7	75196797	75196976	2	2	0	0	1	25
chr7	75197040	75197947	2	2	1	0	1	14
chr7	75198050	75199650	2	2	1	0	19	46
chr7	75199726	75200120	2	2	1	0	9	34
chr7	75200180	75201120	2	2	1	0	6	36
chr7	75201305	75202541	2	2	1	0	2	21
chr7	75202614	75207955	2	2	1	0	9	47
chr7	75208015	75209375	2	2	1	0	3	40
chr7	75209560	75210527	2	2	1	0	2	41
chr7	75212138	75213405	2	2	1	0	3	43
chr7	75213590	75215755	2	2	1	0	2	46
chr7	75215822	75217153	2	2	1	0	3	44
chr7	75217265	75237292	2	2	1	0	4	46
chr7	75226508	75237292	2	2	1	0	1	31
chr7	75251172	75254211	1	1	0	0	1	31
chr7	75296127	75297394	2	2	1	0	6	46
chr7	75297761	75299653	2	2	1	0	10	31
chr7	75306876	75328297	2	2	0	0	1	38
chr7	75306876	75356222	2	2	0	0	1	38
chr7	75316142	75320729	2	2	1	0	12	36
chr7	75320819	75323868	2	2	1	0	4	24
chr7	75324055	75325363	2	2	1	0	6	46
chr7	75324055	75325642	2	2	1	0	1	7
chr7	75325477	75325642	2	2	1	0	1	25
chr7	75325730	75327623	2	2	1	0	10	31
chr7	75334843	75356222	2	2	0	0	1	38
chr7	75344109	75348696	2	2	1	0	12	36
chr7	75348786	75351835	2	2	1	0	4	24
chr7	75352022	75353289	2	2	1	0	6	46
chr7	75352022	75353568	2	2	1	0	1	7
chr7	75353403	75353568	2	2	1	0	1	25
chr7	75355684	75358763	2	4	1	0	1	22
chr7	75355689	75358781	2	2	1	0	1	22
chr7	75357974	75358453	1	3	0	0	1	46
chr7	75367698	75371165	2	2	0	0	1	36
chr7	75507868	75510930	2	2	1	0	1	45
chr7	75512676	75514644	2	2	1	0	9	42
chr7	75827183	75839768	2	2	0	0	4	44
chr7	75827183	75871261	2	2	0	0	4	44
chr7	76434156	76440249	1	1	1	0	14	45
chr7	76434156	76441841	1	1	1	0	1	29
chr7	76440342	76440474	1	1	1	0	14	45
chr7	76440612	76441841	1	1	1	0	21	39
chr7	76610216	76611453	2	2	1	0	14	15
chr7	76610216	76618182	2	2	1	0	1	29
chr7	76611592	76611721	2	2	1	0	15	45
chr7	76611814	76618182	2	2	1	0	14	45
chr7	76618301	76618496	2	2	1	0	1	8
chr7	76947821	76958546	2	4	0	0	1	43
chr7	76950533	76956183	2	4	0	0	2	25
chr7	93019795	93067768	1	1	0	0	1	39
chr7	100152197	100161435	1	1	0	0	1	46
chr7	100331143	100370101	1	1	0	0	1	38
chr7	100772176	100785740	2	2	0	0	1	32
chr7	100922134	100947543	2	2	0	0	1	38
chr7	101673856	101726587	1	1	0	0	3	28
chr7	101728565	101758946	1	1	0	0	2	47
chr7	102335911	102351760	1	1	0	0	1	16
chr7	102339116	102342181	1	1	1	0	1	39
chr7	102345144	102345604	2	2	0	0	1	35
chr7	102350224	102351873	2	4	0	0	1	17
chr7	102351777	102402312	2	2	0	0	2	18
chr7	102354101	102354397	2	4	0	0	1	17
chr7	102392996	102443751	1	3	0	0	2	27
chr7	102541663	102566581	2	2	1	0	1	33
chr7	102550237	102558568	2	4	0	0	2	32
chr7	102557408	102559055	1	3	0	0	1	18
chr7	102564128	102566549	1	3	0	0	1	36
chr7	102565338	102566179	1	1	0	0	3	30
chr7	102565338	102665259	1	1	0	0	3	30
chr7	102567084	102568009	2	2	1	0	5	47
chr7	102567084	102569834	2	2	1	0	4	32
chr7	102649331	102657652	2	4	0	0	2	32
chr7	102653975	102654271	1	3	0	0	1	17
chr7	102656492	102658142	1	3	0	0	1	18
chr7	102664447	102665284	2	2	0	0	3	39
chr7	102666164	102667089	2	2	1	0	5	47
chr7	103014897	103136558	2	4	0	0	3	27
chr7	105348470	105350175	1	3	0	0	1	27
chr7	105437280	105464932	2	2	0	0	1	32
chr7	105440009	105464932	2	2	0	0	1	32
chr7	105445807	105492648	1	3	0	0	2	43
chr7	108085814	108126768	2	2	0	0	1	23
chr7	108696680	108712512	1	1	0	0	1	28
chr7	128503203	128505190	2	2	0	0	1	26
chr7	128503921	128505190	2	2	0	0	1	26
chr7	128857337	128858007	1	1	1	0	3	14
chr7	128858218	128858335	1	3	1	0	1	27
chr7	128912847	128912964	2	4	1	0	1	27
chr7	128913175	128913845	2	2	1	0	3	14
chr7	129786695	129788121	1	1	0	0	1	18
chr7	129984375	130019094	2	2	0	0	1	24
chr7	130021041	130021183	1	3	0	0	2	36
chr7	134560044	134563483	1	1	0	0	1	30
chr7	138336899	138466085	2	2	0	0	6	28
chr7	138421079	138466085	2	2	0	0	7	32
chr7	140686391	140687636	2	2	0	0	1	29
chr7	143600741	143601387	1	1	1	0	1	21
chr7	143603112	143604584	1	1	1	0	3	40
chr7	143604862	143607792	1	1	1	0	4	32
chr7	143608131	143608218	1	1	0	0	1	44
chr7	143608413	143608563	1	1	0	0	1	28
chr7	143854143	143857073	2	2	1	0	4	32
chr7	143857351	143858823	2	2	1	0	3	40
chr7	143860448	143861094	2	2	1	0	1	21
chr7	143863797	143875988	2	2	1	0	1	45
chr7	144912921	145011332	1	1	0	0	3	46
chr7	148885564	148936272	1	1	0	0	3	46
chr7	149494071	149494203	2	2	1	0	1	8
chr7	152471871	152507287	1	1	0	0	1	41
chr7	152476484	152494509	1	1	0	0	1	34
chr7	157130066	157297022	2	2	0	0	12	41
chr7	157206345	157236813	2	2	0	0	3	32
chr8	7092321	7125552	1	1	1	0	1	20
chr8	7611993	7612509	1	1	1	0	2	47
chr8	8747240	8829467	1	1	0	0	2	46
chr8	9195442	9205192	1	1	0	0	1	24
chr8	9368570	9385268	1	1	0	0	3	46
chr8	9566809	9610057	2	2	0	0	1	18
chr8	12217116	12225616	2	2	0	0	1	28
chr8	22496742	22505269	2	2	0	0	1	42
chr8	23259251	23309066	2	2	0	0	1	32
chr8	29518957	29535746	1	3	0	0	2	27
chr8	37879090	37887312	2	2	0	0	1	44
chr8	37929858	37952847	2	2	0	0	1	43
chr8	38378615	38443645	2	4	0	0	2	27
chr8	42312119	42328042	2	2	0	0	1	46
chr8	42519231	42528246	1	1	0	0	1	46
chr8	42724774	42735332	1	1	0	0	1	12
chr8	47322617	47418009	0	0	0	0	3	37
chr8	69984492	69999110	1	1	0	0	2	43
chr8	73973666	73993678	1	1	0	0	2	43
chr8	80117815	80129781	2	2	0	0	2	32
chr8	81807808	81808822	2	2	0	0	1	20
chr8	81808300	81808717	1	1	0	0	4	28
chr8	82291640	82292058	2	2	0	0	4	28
chr8	94705379	94713297	1	3	0	0	3	45
chr8	97841448	97843667	2	4	0	0	1	40
chr8	97989255	97998305	1	1	0	0	130	46
chr8	99293422	99336393	2	2	0	0	1	37
chr8	100694828	100714517	1	1	0	0	1	46
chr8	102240925	102413894	2	2	0	0	3	42
chr8	123172742	123213584	2	2	0	0	1	43
chr8	123442879	123444410	1	3	0	0	2	19
chr8	125309032	125353669	1	1	0	0	3	46
chr8	144157971	144195635	2	2	0	0	1	31
chr8	144495482	144496647	2	2	0	0	1	24
chr9	15472751	15474008	2	2	1	0	4	37
chr9	15474238	15478476	2	2	1	0	40	43
chr9	15478553	15479590	2	2	1	0	24	42
chr9	15479688	15486005	2	2	1	0	13	45
chr9	15486069	15486826	2	2	1	0	5	44
chr9	15486932	15489985	2	2	1	0	4	36
chr9	15490125	15506560	2	2	1	0	1	36
chr9	15506638	15510116	2	2	1	0	5	40
chr9	33379112	33403983	1	1	0	0	1	22
chr9	34097307	34181159	1	3	0	0	7	27
chr9	34148531	34260861	2	2	0	0	3	31
chr9	36215112	36217029	1	1	0	0	1	41
chr9	36432668	36473861	2	2	0	0	1	28
chr9	36538851	36564185	2	2	0	0	1	46
chr9	38785798	38810130	2	2	0	0	1	39
chr9	39120444	39166997	1	1	0	1	0	37
chr9	39809616	39809730	2	2	1	0	1	3
chr9	39874226	39874340	1	1	1	0	1	3
chr9	42614284	42625429	1	1	0	0	2	14
chr9	42668887	42680040	2	2	0	0	2	14
chr9	61616008	61620249	1	1	1	0	1	13
chr9	61906556	61910860	2	2	1	0	1	13
chr9	62386884	62394967	1	1	1	0	2	30
chr9	62869305	62897418	2	2	1	0	8	15
chr9	62869305	62897528	2	2	1	0	1	20
chr9	63056063	63056349	1	1	0	0	2	29
chr9	63056104	63057514	1	1	1	0	1	8
chr9	63056409	63057514	1	1	1	0	4	36
chr9	63057638	63058551	1	1	1	0	1	22
chr9	63121844	63124184	2	2	1	0	1	8
chr9	63151362	63176101	1	1	1	0	3	44
chr9	63284360	63309141	2	2	1	0	1	44
chr9	63336256	63338596	1	1	1	0	1	8
chr9	63373469	63374382	2	2	1	0	1	22
chr9	63374506	63375612	2	2	1	0	4	36
chr9	63374506	63375917	2	2	1	0	1	8
chr9	63375672	63375958	2	2	0	0	2	29
chr9	63706478	63706686	1	1	0	0	1	20
chr9	63706478	63707307	1	1	0	0	1	20
chr9	64715149	64721582	1	1	0	0	1	17
chr9	65199463	65205913	1	1	0	0	1	17
chr9	65288533	65289657	2	2	1	0	2	5
chr9	65289724	65289826	2	2	1	0	3	34
chr9	65289896	65301424	2	2	1	0	5	43
chr9	65301477	65312570	2	2	1	0	3	34
chr9	65317204	65317608	2	2	0	0	1	39
chr9	65317204	65317783	2	2	0	0	2	41
chr9	65318561	65321192	2	2	1	0	2	20
chr9	65700338	65702969	1	1	1	0	2	20
chr9	65703926	65704330	1	1	0	0	1	39
chr9	65708959	65720040	1	1	1	0	3	34
chr9	65720093	65731629	1	1	1	0	5	43
chr9	65731699	65731801	1	1	1	0	3	34
chr9	65731868	65732992	1	1	1	0	2	5
chr9	66732046	66780796	2	2	0	0	1	39
chr9	67538558	67554940	2	2	0	0	5	46
chr9	67775492	67798800	2	2	0	0	1	16
chr9	69115395	69141086	1	1	0	0	1	39
chr9	72003877	72009348	1	1	0	0	2	39
chr9	72395357	72422069	1	3	0	0	1	27
chr9	73940676	73979115	1	1	0	0	1	39
chr9	81721925	81749426	2	2	0	0	1	33
chr9	81735285	81761228	1	3	0	0	1	45
chr9	83683067	83686003	2	2	1	0	1	31
chr9	84224042	84304951	1	1	0	0	3	38
chr9	91135764	91163004	2	2	1	1	0	4
chr9	91696731	91792451	1	1	0	0	2	19
chr9	91878863	91924578	1	1	0	0	1	33
chr9	92174980	92222104	1	1	0	0	1	46
chr9	93516277	93527154	1	1	0	0	1	34
chr9	98119998	98212687	1	1	0	0	2	36
chr9	107271899	107272507	1	1	0	0	1	33
chr9	107537319	107558263	2	2	0	0	1	32
chr9	121619229	121630689	2	2	0	0	1	39
chr9	123022683	123061392	1	1	0	0	1	13
chr9	127602440	127640315	2	2	0	0	1	32
chr9	128229199	128304005	2	4	0	0	2	33
chr9	128283102	128376444	1	1	0	0	2	46
chr9	128872279	128872909	2	2	0	0	1	44
chr9	128959628	129047507	1	1	0	0	2	46
chr9	129043431	129118097	1	1	0	0	2	26
chr9	130130657	130244318	1	1	0	0	3	31
chr9	131730124	131737894	1	1	0	0	1	47
chr9	133001483	133024556	1	1	0	0	1	33
chr9	134082404	134164192	1	1	0	0	3	46
chr9	137561430	137563287	2	2	0	0	1	30
chr9	137718801	137740847	1	1	0	0	1	27
chr10	4966082	4966926	1	1	1	0	1	25
chr10	4968387	4968821	1	1	1	0	1	14
chr10	4968945	4972200	1	1	1	0	4	39
chr10	4972311	4972583	1	1	1	0	3	13
chr10	4972750	4975850	1	1	1	0	9	43
chr10	4975934	4977699	1	1	1	0	12	47
chr10	4990039	4991830	2	2	1	0	12	47
chr10	4991914	4995318	2	2	1	0	10	43
chr10	4995485	4995755	2	2	1	0	4	36
chr10	4995866	4998624	2	2	1	0	4	39
chr10	12084833	12139566	2	2	0	0	3	44
chr10	12299095	12316958	2	2	0	0	3	43
chr10	12320760	12323552	2	2	0	0	1	38
chr10	12427939	12516339	2	2	0	0	3	46
chr10	12900668	12936649	1	1	0	0	1	23
chr10	13174188	13175063	1	1	0	0	1	27
chr10	19504931	19532502	2	2	0	0	2	39
chr10	21028200	21216960	2	4	0	0	5	27
chr10	26827454	26882603	2	2	0	0	3	46
chr10	26931563	26934412	2	2	1	0	1	42
chr10	26972110	27042627	2	2	0	0	6	37
chr10	28262031	28265439	1	1	0	0	1	22
chr10	32213136	32285708	2	2	0	0	3	41
chr10	39479795	39513501	1	1	0	0	1	44
chr10	43446094	43448793	1	1	0	0	1	23
chr10	45679041	45679409	1	1	1	0	3	10
chr10	45679041	45681771	1	1	1	0	2	10
chr10	45679479	45681771	1	1	1	0	4	33
chr10	45680310	45708297	1	3	0	0	1	16
chr10	45681841	45684485	1	1	1	0	4	31
chr10	45692159	45694747	1	1	1	0	1	9
chr10	45694784	45698064	1	1	1	0	2	36
chr10	45698117	45698755	1	1	1	0	2	4
chr10	45699129	45700012	1	1	0	0	1	23
chr10	45702644	45703567	1	3	0	0	1	36
chr10	45822577	45823500	2	4	0	0	1	36
chr10	45825681	45825723	2	2	0	0	1	34
chr10	45826134	45827017	2	2	0	0	1	23
chr10	45827391	45827512	2	2	0	0	3	37
chr10	45827391	45828028	2	2	1	0	2	4
chr10	45828081	45831393	2	2	1	0	2	36
chr10	45831430	45834015	2	2	1	0	1	9
chr10	45841688	45844325	2	2	1	0	5	31
chr10	45844395	45846686	2	2	1	0	4	33
chr10	45844395	45847124	2	2	1	0	2	10
chr10	45846756	45847124	2	2	1	0	3	10
chr10	46129761	46129882	1	1	1	0	1	35
chr10	46340257	46342905	1	1	1	0	1	25
chr10	46819537	46822177	1	1	1	0	1	25
chr10	48021358	48061703	2	2	0	0	1	33
chr10	58418006	58428514	2	2	0	0	1	41
chr10	68763265	68763561	2	2	0	0	1	33
chr10	70414798	70415087	1	1	0	0	1	21
chr10	72191103	72266418	1	3	0	0	2	27
chr10	72216139	72220053	1	1	1	0	3	17
chr10	72583512	72797765	2	2	0	0	12	25
chr10	72707061	72797765	2	2	0	0	12	25
chr10	72787500	72797765	2	2	0	0	12	25
chr10	73199263	73212325	1	3	0	0	1	27
chr10	73427373	73486400	1	1	0	0	9	46
chr10	79660995	79666784	0	0	1	0	3	13
chr10	79669575	79671090	1	1	1	0	17	44
chr10	79671134	79676467	1	1	1	0	7	43
chr10	79691975	79804484	2	2	0	0	3	33
chr10	79724013	79766270	2	2	1	0	7	7
chr10	79766325	79804484	2	2	1	0	15	43
chr10	79798028	79804484	2	2	1	0	10	43
chr10	79802024	79804484	2	2	1	0	1	22
chr10	79804528	79806038	2	2	1	0	20	44
chr10	79804528	79814612	2	2	1	0	9	42
chr10	79806123	79808758	2	2	1	0	4	29
chr10	79806123	79808762	2	2	1	0	1	6
chr10	79806123	79814612	2	2	1	0	9	42
chr10	79808833	79814612	2	2	1	0	5	35
chr10	79808964	79814612	2	2	1	0	2	22
chr10	79814717	79826197	2	2	1	0	5	9
chr10	79821685	79826197	2	2	0	0	1	29
chr10	85353600	85417953	2	2	0	0	2	22
chr10	92218194	92282474	1	1	0	0	2	46
chr10	92462605	92463730	2	2	1	0	1	4
chr10	95587004	95618507	1	1	0	0	1	27
chr10	95774758	95852857	1	1	0	0	2	32
chr10	95804130	95852857	1	1	0	0	2	32
chr10	97195088	97318415	2	2	0	0	3	44
chr10	97273073	97273393	2	2	0	0	1	13
chr10	97493056	97537870	1	3	0	0	1	25
chr10	97617982	97629194	2	4	0	0	2	31
chr10	99713314	99715375	0	0	0	0	3	43
chr10	99986940	99991691	1	1	0	0	1	39
chr10	100525302	100557491	1	3	0	0	2	27
chr10	100906655	100934852	2	2	0	0	1	39
chr10	102086773	102184256	1	1	0	0	2	29
chr10	102155143	102155628	2	4	0	0	1	20
chr10	102565640	102664121	1	1	0	0	3	25
chr10	103418301	103421749	1	1	0	0	1	37
chr10	106806670	106811093	2	2	0	0	1	15
chr10	116588699	116660219	2	2	0	0	28	14
chr10	119131244	119151154	1	1	0	0	2	46
chr10	121853239	121915765	2	2	0	0	12	27
chr10	122008526	122015427	2	2	0	0	1	38
chr10	122952027	122952828	2	2	1	0	1	28
chr10	125710780	125870666	0	0	0	0	3	41
chr11	308345	314262	2	2	1	0	4	43
chr11	308439	309012	1	1	1	0	9	43
chr11	308439	314921	1	1	1	0	13	43
chr11	314357	314921	1	1	1	0	33	45
chr11	319991	320564	2	2	1	0	38	42
chr11	652542	652987	1	1	0	0	1	33
chr11	751102	784810	1	1	0	0	1	26
chr11	881790	881926	2	4	0	0	1	25
chr11	3803405	3804068	1	3	0	0	1	22
chr11	8934560	8975567	1	1	0	0	1	17
chr11	9465418	9531943	2	2	0	0	2	41
chr11	9465418	9536228	2	2	0	0	2	41
chr11	16885781	17005318	1	1	0	0	4	44
chr11	18680308	18711628	2	2	0	0	1	35
chr11	24875331	24916562	2	2	0	0	3	39
chr11	32853492	32853799	1	1	0	0	1	28
chr11	46884660	46909527	2	2	0	0	2	45
chr11	47188811	47217246	1	1	0	0	1	42
chr11	47211030	47212321	1	3	0	0	2	26
chr11	47889612	47925733	2	4	0	0	1	27
chr11	47936604	48005144	2	2	0	0	3	45
chr11	48001041	48038536	1	3	0	0	1	27
chr11	48581719	48620389	1	1	0	0	1	30
chr11	48731980	48736601	2	2	0	0	4	34
chr11	61958496	61966209	1	1	0	0	2	32
chr11	62719423	62736825	1	3	0	0	1	28
chr11	63037682	63060913	1	1	0	0	1	13
chr11	63255432	63282438	2	2	0	0	1	30
chr11	63473046	63488080	1	1	0	0	1	20
chr11	63730129	63948016	0	0	0	0	4	47
chr11	63750900	63823765	0	0	0	0	7	46
chr11	63787058	63796060	2	2	0	0	1	44
chr11	65468685	65478280	1	1	0	0	1	47
chr11	65845411	65876028	2	4	0	0	2	27
chr11	66639774	66646172	2	2	0	0	2	23
chr11	66639822	66646337	0	0	0	0	3	39
chr11	66640053	66646324	2	4	0	0	1	21
chr11	66640124	66643449	1	1	1	0	1	47
chr11	66640124	66646026	1	1	1	0	33	30
chr11	66640124	66649735	1	1	1	0	10	27
chr11	66640124	66657135	1	1	0	0	5	15
chr11	66644141	66646026	1	1	1	0	1	31
chr11	73825797	73843246	1	1	1	0	1	4
chr11	73857705	73857837	2	2	0	0	1	36
chr11	76813033	76845380	1	1	0	0	1	44
chr11	77481462	77509055	1	1	0	0	1	46
chr11	102360049	102387591	2	2	0	0	1	15
chr11	116757391	116834588	1	1	0	0	3	47
chr11	118325913	118366985	2	2	0	0	1	43
chr11	118427295	118459925	2	2	0	0	1	46
chr11	118467164	118502039	1	1	0	0	1	41
chr11	118972717	119129133	0	0	0	0	3	44
chr11	122990128	122992633	2	4	0	0	3	27
chr11	123160853	123269246	2	2	0	0	5	46
chr12	554515	601587	1	3	0	0	1	45
chr12	3739721	3822383	1	1	0	0	3	39
chr12	3739721	3846541	1	1	0	0	3	39
chr12	6176551	6185391	1	1	0	0	1	46
chr12	6521079	6531611	1	3	0	0	1	32
chr12	6530779	6531592	1	1	0	0	3	43
chr12	6713134	6719009	1	1	0	0	1	33
chr12	6713134	6739048	1	1	0	0	1	33
chr12	6989046	6990839	2	2	0	0	1	33
chr12	7913524	7939127	1	3	0	0	1	26
chr12	9283897	9288201	1	1	1	0	2	39
chr12	9288350	9293661	1	1	1	0	6	23
chr12	9293911	9294431	1	1	1	0	1	37
chr12	9294519	9294816	1	1	1	0	1	7
chr12	9294519	9297780	1	1	1	0	1	10
chr12	9298529	9298779	1	1	1	0	3	28
chr12	9301247	9302227	1	1	1	0	4	23
chr12	9302275	9302622	1	1	1	0	10	39
chr12	9305758	9306014	1	1	1	0	2	19
chr12	9306124	9306236	1	1	1	0	2	24
chr12	9310473	9313931	2	4	0	0	1	22
chr12	9311291	9311549	1	1	1	0	1	30
chr12	9312696	9312874	1	1	1	0	1	8
chr12	9313030	9313104	1	1	1	0	3	36
chr12	9417870	9421356	1	3	0	0	1	22
chr12	9418700	9418774	2	2	1	0	3	36
chr12	9418930	9419111	2	2	1	0	1	8
chr12	9418930	9419488	2	2	1	0	1	17
chr12	9419574	9419980	2	2	1	0	2	28
chr12	9420256	9420514	2	2	1	0	1	30
chr12	9425603	9425715	2	2	1	0	2	24
chr12	9425825	9426081	2	2	1	0	2	19
chr12	9429212	9429559	2	2	1	0	10	39
chr12	9429607	9430587	2	2	1	0	4	23
chr12	9433057	9433307	2	2	1	0	3	28
chr12	9434141	9437402	2	2	1	0	1	10
chr12	9437105	9437402	2	2	1	0	1	7
chr12	9437490	9438010	2	2	1	0	1	22
chr12	9438035	9438184	2	4	0	0	1	24
chr12	9438260	9443534	2	2	1	0	6	23
chr12	9443683	9447981	2	2	1	0	2	39
chr12	12295494	12310695	2	2	0	0	2	45
chr12	12414960	12415115	1	3	0	0	1	24
chr12	12892413	12911533	1	3	0	0	1	27
chr12	19384574	19384929	2	2	0	0	1	46
chr12	31527708	31540583	1	1	0	0	2	39
chr12	31857132	31863530	1	1	0	0	1	39
chr12	32037466	32057092	2	2	0	0	1	25
chr12	47215349	47236985	1	1	0	0	1	30
chr12	48901842	48902084	2	2	0	0	1	25
chr12	48926436	48926703	1	3	0	0	2	22
chr12	49045542	49122704	1	3	0	0	11	24
chr12	49128126	49185177	1	1	1	0	24	47
chr12	49128939	49129241	2	2	1	0	14	42
chr12	49186459	49186610	2	2	1	0	1	6
chr12	49186834	49188976	2	2	1	0	1	15
chr12	49269688	49269827	1	1	1	0	1	6
chr12	49269977	49272252	1	1	1	0	10	42
chr12	50683713	50709567	1	1	0	0	1	43
chr12	50957667	51014942	2	2	0	0	2	43
chr12	53294203	53378099	2	2	0	0	2	46
chr12	55667078	55668733	1	1	0	0	1	46
chr12	68669588	68696499	1	1	0	0	1	46
chr12	75708445	75717474	1	3	0	0	1	23
chr12	75912735	75916556	2	2	0	0	2	45
chr12	76050654	76051888	2	4	0	0	1	41
chr12	95553015	95590308	2	2	0	0	1	40
chr12	109295759	109338738	2	4	0	0	1	27
chr12	110154025	110154585	2	4	0	0	1	42
chr12	110396944	110399665	2	4	0	0	1	22
chr12	110486773	110488377	2	2	0	0	1	33
chr12	110665384	110792677	2	2	0	0	3	20
chr12	111583642	111638383	2	2	0	0	2	42
chr12	111794251	111895761	2	2	0	0	4	46
chr12	112376479	112538665	2	2	0	0	3	39
chr12	114587017	114595697	2	4	0	0	1	27
chr12	117877212	117891290	2	4	0	0	1	46
chr12	117918724	117941020	1	1	0	0	1	15
chr12	120408590	120478895	1	1	0	0	2	13
chr12	120572716	120580048	2	4	0	0	1	33
chr12	121272650	121275946	1	1	0	0	2	46
chr12	121403326	121671335	1	3	0	0	7	44
chr12	121602345	121654642	1	3	0	0	3	27
chr12	122220553	122225110	1	3	0	0	1	45
chr12	122231932	122240202	2	2	0	0	1	18
chr12	122320798	122341871	2	2	0	0	1	22
chr12	122362068	122410572	2	4	0	0	1	33
chr12	122456870	122470855	1	1	0	0	2	41
chr12	122607295	122619644	2	2	0	0	1	39
chr12	123274479	123280720	1	1	0	0	1	46
chr12	123453786	123490980	2	2	0	0	1	44
chr12	123577902	123581779	2	4	0	0	1	28
chr12	123583699	123584252	2	4	1	0	1	3
chr12	131942502	131991675	1	1	0	0	1	45
chr12	132722365	132722496	2	2	0	0	1	28
chr12	132729222	132760004	1	3	0	1	0	27
chr12	132770021	132772330	1	1	0	0	2	40
chr13	18180150	18201145	1	1	0	0	1	45
chr13	19286977	19308095	2	2	0	0	2	23
chr13	19898482	20003897	2	2	0	0	3	42
chr13	21175509	21192750	2	2	0	0	1	41
chr13	21448510	21448636	1	1	0	0	1	18
chr13	22785799	22860331	1	1	0	0	3	46
chr13	22785799	22864281	1	1	0	0	3	46
chr13	24587327	24594270	1	1	1	0	1	43
chr13	24594364	24595788	1	1	1	0	1	36
chr13	24943022	24951396	2	2	1	0	1	38
chr13	30384462	30417152	1	1	0	0	1	41
chr13	32529918	32556526	1	1	0	0	1	27
chr13	41147091	41215863	2	2	0	0	2	36
chr13	44604404	44633981	1	3	0	0	1	32
chr13	77520347	77543315	2	2	0	0	1	31
chr13	80292903	80334275	1	1	0	0	1	46
chr13	98637061	98642400	1	3	0	0	1	27
chr13	107570633	107579726	1	1	0	0	1	43
chr14	19054712	19055389	1	1	1	0	18	44
chr14	19054717	19055389	1	1	1	0	1	24
chr14	19055523	19055549	0	0	0	0	4	44
chr14	19055575	19055601	1	1	0	0	5	27
chr14	19062409	19105663	2	2	0	0	1	17
chr14	19062425	19092992	1	1	0	0	1	14
chr14	19062467	19064582	1	1	1	0	8	43
chr14	19062467	19065967	1	1	1	0	1	45
chr14	19062467	19066235	1	1	1	0	4	30
chr14	19064648	19066000	1	1	1	0	1	32
chr14	19064694	19065967	1	1	1	0	12	46
chr14	19064694	19066000	1	1	1	0	6	46
chr14	19064694	19066235	1	1	1	0	1	7
chr14	19066116	19066235	1	1	1	0	47	43
chr14	19066348	19067829	1	1	1	0	3	31
chr14	19066348	19068076	1	1	1	0	34	46
chr14	19066348	19068100	1	1	1	0	10	46
chr14	19066348	19068432	1	1	1	0	5	46
chr14	19066348	19105812	1	1	0	0	1	46
chr14	19066348	19130635	1	1	1	0	1	15
chr14	19068101	19105812	1	1	1	0	2	24
chr14	19068148	19105600	1	3	0	0	1	22
chr14	19068215	19068432	1	1	1	0	31	37
chr14	19068569	19069043	1	1	1	0	5	8
chr14	19068569	19130635	1	1	1	0	1	33
chr14	19089050	19092474	1	3	0	0	3	44
chr14	19093007	19098694	1	1	1	0	3	14
chr14	19093007	19103676	1	1	1	0	1	8
chr14	19093007	19130635	1	1	1	0	12	43
chr14	19100057	19100893	1	3	0	0	4	44
chr14	19103935	19110890	1	1	0	0	1	35
chr14	19104500	19104892	1	3	0	0	1	31
chr14	19106084	19106291	2	4	0	0	3	16
chr14	19115271	19130635	1	1	1	0	1	17
chr14	19269381	19284715	2	2	1	0	1	17
chr14	19269381	19307020	2	2	1	0	7	42
chr14	19269381	19331481	2	2	1	0	2	37
chr14	19269381	19331834	2	2	1	0	2	12
chr14	19269381	19333701	2	2	1	0	2	15
chr14	19289098	19296093	2	2	0	0	1	35
chr14	19293736	19293943	1	3	0	0	3	16
chr14	19294215	19331948	2	2	1	0	2	24
chr14	19294215	19333701	2	2	0	0	1	46
chr14	19294364	19337637	1	1	0	0	1	17
chr14	19295136	19331901	2	4	1	0	2	11
chr14	19296352	19307020	2	2	1	0	1	8
chr14	19298952	19303468	2	2	0	0	1	26
chr14	19299128	19299967	2	4	0	0	4	44
chr14	19307553	19310986	2	4	0	0	3	44
chr14	19318129	19319094	2	4	0	0	1	45
chr14	19324643	19331934	1	1	0	0	2	28
chr14	19331007	19331481	2	2	1	0	5	8
chr14	19331618	19331834	2	2	1	0	31	37
chr14	19331618	19333701	2	2	1	0	5	46
chr14	19331949	19333701	2	2	1	0	10	46
chr14	19331973	19333701	2	2	1	0	36	46
chr14	19332220	19333701	2	2	1	0	3	31
chr14	19333814	19333933	2	2	1	0	47	43
chr14	19333814	19335351	2	2	1	0	1	7
chr14	19333814	19337579	2	2	1	0	4	30
chr14	19334049	19335351	2	2	1	0	6	46
chr14	19334049	19335397	2	2	1	0	1	32
chr14	19334082	19335351	2	2	1	0	15	46
chr14	19334082	19337579	2	2	1	0	3	45
chr14	19335463	19337579	2	2	1	0	8	43
chr14	19344455	19344537	1	1	0	0	1	22
chr14	19344635	19345307	2	2	1	0	1	24
chr14	19344635	19345312	2	2	1	0	18	44
chr14	22903013	22940327	2	2	0	0	3	46
chr14	22917643	22958550	2	2	0	0	2	39
chr14	22930981	22949129	2	4	0	0	1	27
chr14	23241869	23272202	1	1	0	0	1	46
chr14	31447238	31447655	2	2	0	0	6	46
chr14	34410494	34445473	2	4	0	0	1	27
chr14	34505277	34512965	1	1	0	0	1	34
chr14	34540772	34541514	2	6	0	0	1	22
chr14	34657255	34701408	2	2	0	0	1	38
chr14	34845805	34845947	0	0	0	0	3	32
chr14	34922095	35106077	2	2	0	0	3	33
chr14	34950774	34967394	1	1	0	0	1	36
chr14	35097528	35105227	1	3	0	0	1	28
chr14	35108445	35110978	2	2	0	0	1	20
chr14	46764951	46867022	2	2	0	0	3	16
chr14	48412421	48453120	1	1	0	0	1	17
chr14	49733654	49775857	2	2	0	0	1	29
chr14	54944471	54955560	2	2	1	0	4	35
chr14	68869636	68870691	1	3	0	0	1	23
chr14	71518725	71576866	0	0	0	0	3	45
chr14	73541005	73602068	1	1	0	0	2	36
chr14	73572909	73602068	1	1	0	0	2	36
chr14	73617964	73636392	0	0	0	0	3	43
chr14	73979615	74043457	1	1	0	0	2	45
chr14	74006427	74043457	1	1	0	0	2	45
chr14	77722933	77723742	2	4	0	0	1	38
chr14	77909218	77929748	2	2	0	0	1	38
chr14	86078102	86099546	1	1	0	0	1	42
chr14	91212034	91248466	2	2	0	0	1	44
chr14	91381770	91399774	1	1	0	0	1	36
chr14	92665630	92725823	2	2	0	0	3	38
chr14	93154677	93191526	1	1	0	0	1	38
chr14	100030212	100060183	2	4	0	0	1	31
chr14	101728725	101818461	2	2	0	0	3	20
chr14	102053576	102070631	1	1	0	0	2	21
chr14	103300484	103329628	2	4	0	0	2	25
chr14	103399495	103419073	1	1	0	0	2	46
chr14	103399495	103444563	1	1	0	0	2	46
chr15	22757063	22806077	2	2	0	0	1	38
chr15	22762308	22784241	1	1	0	0	3	22
chr15	28211146	28212444	2	2	1	0	1	17
chr15	28334844	28334921	1	1	1	0	1	16
chr15	28465380	28681364	1	1	0	0	6	46
chr15	28576707	28576784	2	2	1	0	1	16
chr15	28657326	28658622	1	1	1	0	1	17
chr15	28659400	28681364	1	1	0	0	6	46
chr15	28669446	28669936	1	3	0	0	1	27
chr15	29729750	29740561	1	1	0	0	1	23
chr15	30084891	30085782	1	1	1	0	3	39
chr15	30104009	30110301	1	1	1	0	1	25
chr15	30108783	30109714	1	1	0	0	1	23
chr15	30110427	30113907	1	1	1	0	2	19
chr15	30113972	30116891	1	1	1	0	2	11
chr15	30115589	30116891	1	1	1	0	1	18
chr15	30136986	30137880	1	1	1	0	3	39
chr15	30143682	30144112	1	1	1	0	1	3
chr15	30380400	30381702	2	2	1	0	1	18
chr15	30380400	30383318	2	2	1	0	2	11
chr15	30383383	30386862	2	2	1	0	2	19
chr15	30386988	30393251	2	2	1	0	1	25
chr15	30405199	30405629	2	2	1	0	1	3
chr15	30565182	30625266	2	2	1	0	2	43
chr15	30610053	30611182	2	2	1	0	2	44
chr15	32586261	32600603	2	2	1	0	1	12
chr15	33811291	34006096	1	1	0	0	4	39
chr15	34192168	34192980	1	3	0	0	1	24
chr15	34340321	34341012	1	3	0	0	2	25
chr15	41127381	41157830	2	4	0	0	1	27
chr15	41215561	41247843	2	2	0	0	1	46
chr15	41296385	41297352	1	1	1	0	1	26
chr15	41584422	41593144	1	1	0	0	1	23
chr15	42567952	42758590	1	1	0	0	3	41
chr15	43597863	43598529	2	2	0	0	2	42
chr15	43624194	43685809	1	1	0	0	4	46
chr15	43757630	43757765	1	1	0	0	1	38
chr15	43810600	43850527	2	2	0	0	3	46
chr15	45530999	45537573	1	1	0	0	2	46
chr15	50570676	50574273	2	2	0	0	1	36
chr15	55340417	55347388	2	2	0	0	1	30
chr15	59375943	59398954	1	1	0	0	1	34
chr15	62553278	62578348	2	2	0	0	1	45
chr15	64540815	64541212	1	1	0	0	2	46
chr15	64964713	65014405	2	2	0	0	1	45
chr15	67851842	67900380	2	2	0	0	1	46
chr15	68678533	68722925	1	1	0	0	1	44
chr15	75409512	75433595	1	1	0	0	1	33
chr15	76371726	76375790	2	4	0	0	1	31
chr15	78908490	78923519	2	2	0	0	2	35
chr15	82477927	82513665	2	2	1	0	2	23
chr15	82523223	82524885	1	1	1	0	1	4
chr15	82524947	82525983	1	1	1	0	1	29
chr15	83354543	83360065	1	1	0	0	70	44
chr15	84126601	84181981	1	1	0	0	6	33
chr15	84172586	84174007	1	1	1	0	1	29
chr15	84172962	84174007	1	1	1	0	1	3
chr15	84173075	84173978	1	1	1	0	1	32
chr15	84173335	84174007	1	1	1	0	3	28
chr15	84174158	84181981	1	1	1	0	19	41
chr15	84182084	84186824	1	1	1	0	1	29
chr15	84239406	84239787	1	1	1	0	1	13
chr15	84407985	84412773	2	2	1	0	3	45
chr15	84408002	84412773	2	2	1	0	1	5
chr15	84412876	84420652	2	2	1	0	3	11
chr15	84420803	84421848	2	2	1	0	1	3
chr15	84486718	84491479	2	2	1	0	2	45
chr15	84486735	84491479	2	2	1	0	2	29
chr15	84488136	84491416	2	2	0	0	1	23
chr15	84491582	84499414	2	2	1	0	14	38
chr15	84499565	84500237	2	2	1	0	2	28
chr15	84499565	84500986	2	2	1	0	1	29
chr15	84512834	84513214	2	2	1	0	1	13
chr15	84569684	84570598	2	2	1	0	1	32
chr15	84652803	84652920	2	2	1	0	1	14
chr15	90284893	90324286	2	2	0	0	1	38
chr15	95147923	95156739	2	2	0	0	1	45
chr16	238584	301087	0	0	0	0	5	41
chr16	1784612	1784802	1	3	1	0	1	24
chr16	1784827	1807326	1	1	0	0	1	24
chr16	1870026	1877033	2	2	0	0	2	46
chr16	2538137	2557702	1	1	1	0	3	28
chr16	2557763	2597658	1	1	0	0	3	40
chr16	2557964	2561479	1	1	1	0	2	43
chr16	2561523	2561770	1	1	1	0	1	18
chr16	2561909	2565552	1	1	1	0	3	12
chr16	2566454	2577424	1	1	1	0	2	33
chr16	2577501	2581294	1	1	1	0	3	37
chr16	2581704	2583411	1	1	1	0	6	40
chr16	2616774	2618481	2	2	1	0	6	40
chr16	2618891	2622689	2	2	1	0	3	37
chr16	2622766	2633738	2	2	1	0	2	33
chr16	2634640	2638283	2	2	1	0	3	12
chr16	2638422	2638669	2	2	1	0	1	18
chr16	2663408	2672706	2	2	1	0	1	17
chr16	3628792	3709047	2	2	0	0	9	46
chr16	3698557	3698694	2	4	0	0	1	20
chr16	4145959	4155119	1	1	0	0	1	26
chr16	11214632	11222665	1	1	0	0	1	29
chr16	11438858	11458107	1	1	0	0	1	24
chr16	11878198	11919635	2	2	0	0	1	29
chr16	14709064	14716067	1	1	1	0	2	15
chr16	14724379	14724487	1	1	1	0	2	16
chr16	14724524	14725882	1	1	1	0	2	36
chr16	14726163	14765156	2	2	0	0	23	44
chr16	14748186	14755191	1	1	1	0	2	15
chr16	14763499	14763607	1	1	1	0	2	16
chr16	14763644	14765002	1	1	1	0	2	36
chr16	14765352	14951963	2	2	0	0	3	47
chr16	14911908	14917539	1	1	1	0	17	42
chr16	14917612	14917732	1	1	1	0	11	30
chr16	14917805	14918072	1	1	1	0	7	19
chr16	14918243	14918454	1	1	1	0	1	28
chr16	14926591	14926656	1	1	1	0	3	28
chr16	14926817	14927206	1	1	1	0	3	24
chr16	14927360	14928380	1	1	1	0	1	33
chr16	14929422	14929519	1	1	0	0	2	22
chr16	14933277	14933366	1	1	1	0	3	31
chr16	14933494	14935159	1	1	1	0	7	39
chr16	14935398	14937373	1	1	0	0	2	46
chr16	14935398	14937564	1	1	1	0	9	41
chr16	14937651	14941811	1	1	1	0	5	41
chr16	14945674	14945836	1	1	1	0	3	15
chr16	14945674	14950219	1	1	0	0	2	15
chr16	14945982	14948929	1	1	1	0	2	19
chr16	14949038	14950049	1	1	1	0	10	45
chr16	14950111	14950219	1	1	1	0	10	19
chr16	14950256	14951614	1	1	1	0	13	36
chr16	14950822	14951614	1	1	1	0	3	44
chr16	15104409	15104479	1	1	0	0	9	26
chr16	15104605	15363789	1	1	0	0	12	47
chr16	15104759	15105548	2	2	1	0	1	38
chr16	15104759	15106114	2	2	1	0	2	36
chr16	15106151	15106259	2	2	1	0	2	16
chr16	15106321	15107329	2	2	1	0	10	45
chr16	15107438	15110413	2	2	1	0	2	19
chr16	15114572	15118925	2	2	1	0	6	32
chr16	15114572	15125712	2	2	0	0	1	46
chr16	15119055	15121843	2	2	1	0	1	14
chr16	15119055	15125690	2	2	1	0	7	45
chr16	15119055	15125712	2	2	0	0	1	46
chr16	15123568	15125690	2	2	0	0	1	35
chr16	15125808	15127469	2	2	1	0	2	14
chr16	15125849	15127469	2	2	0	0	1	19
chr16	15133424	15133489	2	2	1	0	3	28
chr16	15137541	15137753	2	2	1	0	1	28
chr16	15137924	15138191	2	2	1	0	7	19
chr16	15138264	15138384	2	2	1	0	11	30
chr16	15138457	15154349	2	2	1	0	17	42
chr16	15350415	15363780	2	2	0	0	1	15
chr16	15363859	15363915	1	1	0	0	5	43
chr16	15364070	15365428	2	2	1	0	13	36
chr16	15365465	15365573	2	2	1	0	10	19
chr16	15365465	15370019	2	2	0	0	2	15
chr16	15365635	15366652	2	2	1	0	10	45
chr16	15366761	15369711	2	2	1	0	2	19
chr16	15369857	15370019	2	2	1	0	5	31
chr16	15373844	15380927	2	2	1	0	2	15
chr16	15411018	15428504	1	1	0	0	1	31
chr16	15411018	15437743	1	1	0	0	1	31
chr16	15554712	15628454	1	3	0	0	2	26
chr16	16166662	16181714	2	2	0	0	1	36
chr16	18939482	19013948	1	1	0	0	3	43
chr16	21456460	21457010	2	2	1	0	1	33
chr16	21458050	21458520	2	2	1	0	1	20
chr16	21888701	21889251	2	2	1	0	1	33
chr16	22480383	22480853	1	1	1	0	1	20
chr16	22481893	22482443	1	1	1	0	1	33
chr16	23503864	23581327	2	2	0	0	2	43
chr16	24786408	24814490	2	2	0	0	1	21
chr16	24831625	24856508	2	2	0	0	2	38
chr16	28279303	28413243	1	1	0	0	3	37
chr16	28377837	28417511	2	2	0	0	1	15
chr16	28379881	28379975	2	2	1	0	2	8
chr16	28380139	28380291	2	2	1	0	1	22
chr16	28380534	28380631	2	2	1	0	4	43
chr16	28391856	28391979	2	2	1	0	1	31
chr16	28399999	28400376	2	2	1	0	1	32
chr16	28400985	28401206	2	2	1	0	1	27
chr16	28401397	28401538	2	2	1	0	2	8
chr16	28401605	28403517	2	2	1	0	3	40
chr16	28638481	28648134	1	1	1	0	1	44
chr16	28641679	28648134	1	1	0	0	1	24
chr16	28697511	28737474	1	1	0	0	1	15
chr16	28711788	28713700	1	1	1	0	3	40
chr16	28713767	28713908	1	1	1	0	2	8
chr16	28714099	28714320	1	1	1	0	1	27
chr16	28714929	28715306	1	1	1	0	1	32
chr16	28723324	28723447	1	1	1	0	1	31
chr16	28734680	28734777	1	1	1	0	4	43
chr16	28735020	28735172	1	1	1	0	1	22
chr16	28735336	28735430	1	1	1	0	2	8
chr16	28752593	28762250	1	1	1	0	1	44
chr16	28755769	28762250	1	1	0	0	1	24
chr16	28766182	28766293	1	1	1	0	1	20
chr16	28947330	28973226	1	3	0	0	1	30
chr16	29050708	29052071	1	1	1	0	3	12
chr16	29384081	29398280	1	1	0	0	1	47
chr16	29384290	29385649	2	2	1	0	3	12
chr16	29390137	29390248	2	2	1	0	2	14
chr16	29390349	29393947	2	2	1	0	5	41
chr16	29485509	29485679	1	1	0	0	2	41
chr16	29485834	29487193	2	2	1	0	3	12
chr16	29491663	29491774	2	2	1	0	2	14
chr16	29491875	29495478	2	2	1	0	5	41
chr16	29491968	29498087	1	1	0	0	5	30
chr16	29496381	29498222	2	2	0	0	1	38
chr16	29556073	29620558	0	0	0	0	3	31
chr16	30481084	30500786	2	2	0	0	1	45
chr16	30496826	30508091	1	1	0	0	1	36
chr16	30496826	30537643	1	1	0	0	1	36
chr16	31169585	31170045	1	1	0	0	1	31
chr16	32006501	32015163	1	1	0	0	1	39
chr16	32200074	32202328	1	1	1	0	1	38
chr16	32294294	32326968	1	1	0	0	1	39
chr16	32727104	32729365	2	2	1	0	1	38
chr16	32758369	32758475	1	1	1	0	2	7
chr16	32758604	32758695	1	1	1	0	8	43
chr16	33111713	33111804	2	2	1	0	8	43
chr16	33111933	33112039	2	2	1	0	2	7
chr16	46961458	47002839	1	1	0	0	2	47
chr16	47023425	47085614	2	2	0	0	2	38
chr16	47222649	47232879	1	1	0	0	1	33
chr16	56609058	56609262	1	1	1	0	31	45
chr16	56633406	56633750	1	1	1	0	13	28
chr16	56639330	56639858	1	1	1	0	6	41
chr16	56658087	56658674	1	1	1	0	12	23
chr16	56658741	56659072	1	1	1	0	28	46
chr16	56666971	56667311	2	2	1	1	51	45
chr16	56683231	56683957	1	1	1	0	2	26
chr16	57321695	57405818	1	1	0	0	3	46
chr16	66647260	66686484	1	1	0	0	2	33
chr16	67786302	67809431	2	4	0	0	1	24
chr16	69177697	69179116	2	2	0	0	2	33
chr16	70230485	70370825	0	0	0	0	7	36
chr16	70266099	70287036	1	1	0	0	1	29
chr16	70352477	70386837	1	1	0	0	1	30
chr16	71657627	71660636	2	2	0	0	1	41
chr16	71925246	72018006	2	2	0	0	2	41
chr16	74416046	74448887	1	1	0	0	2	46
chr16	75386465	75410648	2	2	0	0	1	28
chr16	76299911	76326714	2	2	0	0	1	30
chr16	84435955	84508494	2	2	0	0	2	22
chr16	87757672	87769701	2	2	0	0	1	44
chr16	89693013	89736669	2	2	0	0	1	19
chr17	518016	518689	2	2	0	0	1	42
chr17	908889	919149	1	1	0	0	1	39
chr17	924325	1016404	2	2	0	0	2	39
chr17	1284935	1334086	2	2	0	0	1	43
chr17	1425370	1428394	1	1	0	0	2	33
chr17	2339213	2350396	1	1	0	0	1	45
chr17	2408434	2471558	1	1	0	0	2	44
chr17	2570506	2575539	2	4	0	0	1	27
chr17	3671157	3671213	1	1	0	0	1	22
chr17	4400562	4403672	2	2	0	0	1	41
chr17	4630625	4652218	2	2	0	0	1	43
chr17	5017537	5084507	2	2	0	0	2	46
chr17	6986358	6989610	2	4	0	0	1	34
chr17	7066893	7083157	1	1	0	0	1	46
chr17	8260768	8293694	1	1	0	0	1	18
chr17	8394669	8412661	2	2	0	0	1	46
chr17	8852525	9000909	1	1	0	0	3	46
chr17	10164415	10212390	2	4	0	0	1	27
chr17	16228621	16230093	2	2	0	0	9	46
chr17	17186649	17189240	1	1	1	0	2	4
chr17	18350114	18455115	1	1	0	0	4	46
chr17	18611867	18615922	2	4	0	0	1	30
chr17	18693455	18768298	2	2	0	0	3	46
chr17	18740994	18768298	2	2	0	0	3	46
chr17	18834361	18835531	2	2	1	0	3	24
chr17	18942942	18954989	1	1	0	0	1	37
chr17	18957551	18975661	2	2	0	0	1	38
chr17	19037112	19071881	2	2	0	0	1	30
chr17	19062647	19062729	1	1	0	0	2	32
chr17	19063330	19063412	2	2	0	0	2	32
chr17	19064047	19190155	2	2	0	0	22	46
chr17	19080121	19087714	1	1	1	0	3	29
chr17	19112547	19190155	2	2	0	0	22	46
chr17	19112549	19190155	2	2	1	0	1	3
chr17	19164373	19171958	2	2	1	0	3	29
chr17	19179376	19189735	2	2	0	0	1	15
chr17	19188748	19188830	1	1	0	0	2	32
chr17	19189431	19189513	2	2	0	0	2	32
chr17	19442311	19476602	2	2	0	0	2	42
chr17	19791560	19831701	2	2	0	0	1	29
chr17	19856368	19856757	1	1	0	0	1	39
chr17	19856368	19881872	1	1	0	0	1	39
chr17	21312282	21313491	1	1	1	0	3	20
chr17	21313538	21314146	1	1	1	0	1	40
chr17	21632829	21639663	1	1	1	0	1	31
chr17	21632829	21641173	1	1	1	0	1	39
chr17	21773838	21774443	2	2	1	0	1	40
chr17	21774490	21775699	2	2	1	0	3	20
chr17	22062151	22070434	2	2	1	0	1	39
chr17	22063661	22070434	2	2	0	0	1	31
chr17	28604051	28604275	2	2	1	0	1	47
chr17	28692109	28742378	1	1	0	0	2	39
chr17	29284642	29327383	1	1	0	0	1	39
chr17	29743119	29782772	1	1	0	0	3	25
chr17	31454671	31472819	1	1	0	0	1	47
chr17	37311771	37351038	2	2	0	0	1	25
chr17	38026188	38070559	1	1	0	0	1	43
chr17	38078347	38101402	1	1	1	0	5	43
chr17	38114887	38117539	1	1	1	0	3	43
chr17	38117741	38118186	1	1	1	0	5	46
chr17	38118284	38118407	1	1	1	0	10	34
chr17	38118442	38118892	1	1	1	0	2	35
chr17	38118442	38119292	1	1	1	0	20	34
chr17	38119408	38122799	1	1	1	0	17	44
chr17	38122965	38124038	1	1	1	0	60	47
chr17	38122965	38124569	1	1	0	0	1	16
chr17	38124144	38124569	1	1	1	0	76	45
chr17	38195941	38196366	2	2	1	0	76	45
chr17	38195941	38197545	2	2	0	0	1	16
chr17	38196472	38197545	2	2	1	0	60	47
chr17	38196524	38197545	2	2	1	0	1	40
chr17	38197711	38201104	2	2	1	0	17	44
chr17	38197711	38205634	2	2	1	0	2	3
chr17	38201220	38202071	2	2	1	0	20	34
chr17	38201621	38202071	2	2	1	0	2	35
chr17	38202106	38202237	2	2	1	0	10	34
chr17	38202335	38202780	2	2	1	0	5	46
chr17	38202982	38205634	2	2	1	0	3	43
chr17	38219124	38242200	2	2	1	0	5	43
chr17	38242286	38256897	2	2	1	0	1	44
chr17	38913784	38944484	2	2	0	0	1	44
chr17	39269282	39302461	2	2	0	0	1	43
chr17	40150986	40185936	2	4	0	0	1	27
chr17	40163492	40164784	2	2	0	0	1	12
chr17	41694802	41704499	2	4	0	0	2	27
chr17	42427195	42465520	2	2	0	0	1	19
chr17	42924402	43001876	1	1	0	0	6	46
chr17	43009540	43057620	1	1	0	0	4	46
chr17	43107341	43111590	1	1	0	0	1	41
chr17	43120535	43310302	1	1	0	0	3	31
chr17	45571990	45582904	1	1	0	0	1	47
chr17	45622007	45638503	2	2	0	0	2	25
chr17	46177273	46223670	2	2	0	0	1	22
chr17	46218780	46223670	2	2	0	0	1	30
chr17	46271807	46282147	1	3	0	0	1	27
chr17	47588335	47590296	1	1	0	0	1	20
chr17	52414816	52417906	1	1	0	0	4	31
chr17	58726916	58766296	1	1	0	1	0	30
chr17	59001131	59044497	1	1	0	0	3	42
chr17	59117048	59154002	2	2	0	0	1	47
chr17	59260324	59274561	2	2	0	0	1	30
chr17	59504605	59549079	1	1	0	0	4	16
chr17	59573968	59574187	1	1	1	0	3	24
chr17	59574255	59575339	1	1	1	0	3	30
chr17	59577617	59586563	1	3	0	0	1	33
chr17	59579559	59579696	1	1	1	0	1	35
chr17	59579880	59586152	1	1	1	0	5	20
chr17	59586234	59587895	1	1	1	0	6	30
chr17	59588054	59598736	1	1	1	0	4	39
chr17	59598852	59599374	1	1	1	0	7	41
chr17	59599484	59602521	1	1	1	0	1	22
chr17	59856197	59904927	2	2	0	0	1	46
chr17	59976133	59976655	2	2	1	0	7	41
chr17	59976771	59987446	2	2	1	0	4	39
chr17	59987605	59989263	2	2	1	0	5	30
chr17	59988940	59997889	2	2	0	0	1	36
chr17	59989345	59995631	2	2	1	0	4	20
chr17	59995815	59995952	2	2	1	0	1	35
chr17	60000163	60001229	2	2	1	0	3	30
chr17	60001297	60001516	2	2	1	0	3	24
chr17	61956580	61958383	1	3	0	0	1	27
chr17	62410291	62450593	1	1	0	0	1	30
chr17	62449530	62451874	1	1	0	0	1	16
chr17	62638525	62677836	1	1	0	0	2	34
chr17	63536742	63613249	1	1	0	0	2	40
chr17	64650600	64650980	1	1	0	0	1	27
chr17	66564124	66581520	1	1	0	0	1	28
chr17	67464129	67512436	1	1	0	0	3	38
chr17	67989407	68217900	2	2	0	0	4	23
chr17	68001735	68217900	2	2	0	0	4	23
chr17	74973595	75037834	1	1	0	0	3	46
chr17	75284376	75418519	2	4	0	0	8	27
chr17	75352971	75389631	1	1	0	0	1	14
chr17	75800524	75838885	1	1	0	0	3	46
chr17	76321342	76345020	1	1	0	0	3	39
chr17	76622908	76728524	2	4	0	0	3	39
chr17	76822036	76855109	2	2	0	0	2	32
chr17	77997745	78009997	2	2	0	0	2	28
chr17	81024665	81024961	1	1	0	0	1	24
chr18	2936857	2937312	1	1	0	0	2	34
chr18	2991981	3081103	2	4	0	0	2	26
chr18	3477042	3523632	1	1	0	0	3	46
chr18	3657698	3700704	1	1	0	0	2	38
chr18	7410778	7435097	2	2	0	0	1	39
chr18	11856708	11903588	2	2	0	0	1	34
chr18	21420345	21484795	2	4	0	0	2	28
chr18	22967742	22994528	1	3	0	0	1	36
chr18	23854614	23867521	2	4	0	0	1	25
chr18	46161634	46432874	1	1	0	0	7	39
chr18	49458775	49555433	1	1	0	0	3	32
chr18	59235264	59374867	2	2	0	0	3	36
chr18	60430550	60455314	1	1	0	0	4	40
chr18	60454141	60455314	1	1	0	0	4	40
chr19	363424	492823	2	2	0	0	4	46
chr19	733756	736822	1	1	0	0	1	30
chr19	752497	779987	2	4	0	0	1	25
chr19	2404718	2451027	1	1	0	0	1	39
chr19	2538457	2555148	2	2	0	0	1	40
chr19	2555189	2646223	2	2	1	0	1	11
chr19	2878574	2879927	1	3	0	0	1	23
chr19	2879953	2886209	2	2	0	0	1	43
chr19	3083010	3159256	2	2	0	0	2	39
chr19	3089369	3139850	0	0	0	0	3	44
chr19	4125730	4211420	2	2	0	0	2	45
chr19	4570125	4572508	2	2	0	0	1	34
chr19	4612874	4626372	2	2	0	0	2	46
chr19	4698944	4780612	1	1	0	0	2	39
chr19	4834794	4859308	1	1	0	0	1	39
chr19	4839898	4862364	2	2	0	0	3	24
chr19	5607218	5639649	1	3	0	0	1	23
chr19	6612721	6627500	2	2	0	0	1	45
chr19	6659434	6671434	1	1	0	0	1	16
chr19	7185766	7216246	2	2	0	0	1	30
chr19	7185766	7221296	2	2	0	0	1	30
chr19	7519024	7567400	2	2	0	0	1	23
chr19	7574952	7717468	2	2	0	0	5	38
chr19	7768510	7806004	1	1	0	0	1	32
chr19	8008363	8015726	1	1	0	0	5	45
chr19	8212879	8247964	2	2	0	0	2	40
chr19	8839280	8846630	1	1	0	0	1	45
chr19	8930629	9005435	2	2	0	0	2	43
chr19	9228031	9262705	1	3	0	0	1	28
chr19	9338583	9339192	1	1	1	0	1	42
chr19	9646156	9650349	2	2	0	0	1	37
chr19	9648369	9650935	2	2	0	0	1	19
chr19	10208391	10283107	1	1	0	2	0	28
chr19	10482937	10501414	1	1	0	0	2	39
chr19	10559087	10647887	2	2	0	0	2	34
chr19	10652445	10652623	2	2	0	0	2	17
chr19	10932441	10969660	2	2	0	0	1	13
chr19	11157411	11207065	2	2	0	0	1	21
chr19	11297542	11395672	1	3	0	0	3	27
chr19	11366989	11368193	1	1	0	0	1	20
chr19	11698315	11779719	2	4	0	0	3	27
chr19	12539641	12559433	2	4	0	0	2	27
chr19	12683812	12732825	1	1	0	0	1	36
chr19	13911591	13945531	1	3	0	0	1	21
chr19	13955208	13994502	1	1	0	0	1	47
chr19	14064787	14109710	1	1	0	0	1	17
chr19	14187262	14279133	2	2	0	0	3	36
chr19	14362931	14501733	2	2	0	0	3	25
chr19	14397805	14397888	1	1	1	0	1	20
chr19	14397936	14398061	1	1	1	0	1	27
chr19	14486015	14508973	2	2	0	0	1	41
chr19	14765398	14765523	2	2	1	0	1	27
chr19	14765571	14765657	2	2	1	0	1	20
chr19	15377701	15412774	2	2	0	0	4	41
chr19	15443117	15484946	1	3	0	0	1	27
chr19	16432695	16433885	2	2	0	0	1	46
chr19	16768074	16789799	2	2	0	0	1	21
chr19	16898240	16911640	1	1	0	0	1	34
chr19	17332049	17332183	2	4	0	0	1	37
chr19	17342356	17342421	2	2	0	0	2	44
chr19	17714784	17740355	2	2	0	0	1	46
chr19	18358491	18384564	2	2	0	0	1	46
chr19	18624943	18673491	2	2	0	0	1	46
chr19	18640770	18673491	2	2	0	0	1	46
chr19	19361872	19384263	2	2	0	0	2	41
chr19	19659988	19660528	2	2	1	0	3	3
chr19	20066152	20081996	2	2	0	0	1	37
chr19	20066152	20145087	2	2	0	0	4	46
chr19	20648603	20686347	2	2	0	1	0	42
chr19	20779088	21085754	1	1	0	0	4	21
chr19	20987413	21013287	2	4	0	0	1	26
chr19	21020804	21022788	1	1	1	0	4	10
chr19	21143644	21166334	1	1	1	0	1	46
chr19	23766687	23779232	2	2	0	0	2	32
chr19	34268005	34314031	2	2	0	0	1	33
chr19	34401484	34401937	1	1	0	0	1	23
chr19	36124776	36155081	2	2	0	0	1	39
chr19	36154959	36193109	2	4	0	0	1	39
chr19	36164665	36210287	1	1	0	0	1	33
chr19	36714244	36785868	2	2	0	0	2	17
chr19	36761921	36767431	2	2	0	0	1	40
chr19	37879452	37904134	2	2	0	0	4	46
chr19	38130773	38131653	1	1	1	0	1	5
chr19	38553308	38573652	2	4	0	0	1	28
chr19	38844935	38845212	2	2	1	0	1	40
chr19	40298274	40347504	2	4	0	0	1	28
chr19	43580884	43698462	2	2	0	0	3	44
chr19	44311539	44372861	1	1	0	0	2	40
chr19	44938290	44941358	1	1	0	0	2	29
chr19	44999713	45027136	1	1	0	0	1	30
chr19	45013187	45043926	1	3	0	0	1	27
chr19	45317066	45324813	1	1	0	0	1	35
chr19	45382028	45427395	1	1	0	0	1	39
chr19	45534864	45563390	2	2	0	0	1	23
chr19	45805677	45840826	1	1	0	0	1	14
chr19	47143336	47254705	2	2	0	0	17	46
chr19	47238489	47329122	1	3	0	0	2	43
chr19	47553039	47596999	1	1	0	0	1	40
chr19	47938945	47944324	2	2	0	0	2	32
chr19	48340270	48340542	1	3	0	0	1	43
chr19	48368611	48386347	2	2	0	0	1	21
chr19	48743778	48790396	1	1	0	0	1	46
chr19	49044225	49044576	1	1	1	0	2	32
chr19	49055009	49055360	2	2	1	0	2	32
chr19	50396883	50397185	1	1	0	0	2	41
chr19	50641225	50707605	1	3	0	0	3	27
chr19	50787735	50789351	2	2	0	0	4	26
chr19	52045777	52079773	2	2	0	0	1	31
chr19	52555918	52597299	2	2	0	0	1	32
chr19	52562987	52566376	1	3	0	0	2	39
chr19	52576022	52582201	1	1	1	0	1	43
chr19	52722564	52733123	2	2	0	0	1	21
chr19	52728832	52735000	2	2	1	0	3	22
chr19	52808134	52817943	2	2	1	0	1	5
chr19	52849214	52854257	2	2	1	0	1	5
chr19	52908180	52915195	2	2	1	0	1	45
chr19	52929415	52942540	2	2	1	0	1	5
chr19	52974493	53100395	1	1	0	0	3	46
chr19	54443776	54488355	2	2	0	0	1	12
chr19	55291991	55380655	2	2	0	0	2	46
chr19	55959490	55990595	1	3	0	0	1	41
chr19	57458980	57461855	2	2	0	0	1	16
chr19	57839150	57840837	1	1	1	0	2	31
chr19	57850072	57853775	1	1	1	0	1	6
chr19	57856234	57858575	1	1	1	0	1	33
chr19	57905817	57906417	1	5	0	0	1	43
chr19	57910115	57912059	2	2	1	0	1	33
chr20	2584230	2628887	1	1	0	0	1	31
chr20	2824028	2824778	2	2	0	0	1	35
chr20	2824329	2824778	2	2	0	0	1	35
chr20	15206937	15234232	2	2	0	0	1	33
chr20	15377123	15401270	2	2	0	0	1	39
chr20	25751339	25752562	1	1	1	0	4	16
chr20	25756363	25775109	2	2	1	0	1	3
chr20	25807603	25828878	2	2	0	0	1	30
chr20	25837873	25842671	1	1	0	0	1	39
chr20	25839922	25841213	2	4	0	0	1	14
chr20	26013225	26018029	2	2	0	0	1	33
chr20	26014694	26015985	1	3	0	0	1	14
chr20	26081391	26099861	1	1	1	0	1	3
chr20	28583111	28586298	2	2	1	0	1	8
chr20	29081403	29082601	1	1	1	0	2	15
chr20	29082664	29091593	1	1	1	0	1	43
chr20	29096833	29100368	0	0	1	0	2	20
chr20	29101551	29102725	1	1	1	0	1	33
chr20	29480183	29481357	2	2	1	0	4	36
chr20	29481469	29482453	2	2	1	0	21	45
chr20	29494956	29496149	2	2	1	0	1	10
chr20	32411491	32415136	1	1	0	0	1	16
chr20	32554106	32599192	1	1	0	0	1	13
chr20	33548475	33705220	2	2	0	0	3	46
chr20	33807154	33823032	2	2	0	0	1	27
chr20	33904495	34168842	1	1	0	0	4	39
chr20	34101906	34196405	2	2	0	0	3	46
chr20	35499198	35505575	2	2	0	0	1	45
chr20	35746854	35763814	1	3	0	0	2	27
chr20	35846262	35991962	2	2	0	0	5	34
chr20	36490980	36535543	1	1	0	0	1	46
chr20	51656428	51684570	2	2	0	0	1	16
chr20	56666317	56670523	1	1	0	0	1	32
chr20	56795146	56814222	1	1	0	0	1	37
chr20	62340426	62341231	2	2	0	0	1	31
chr20	63774936	63850533	2	2	0	0	2	41
chr20	63880766	63910417	2	4	0	0	1	30
chr20	63995888	64014466	2	4	0	0	1	26
chr21	6318605	6320844	1	1	1	0	1	18
chr21	6318605	6320871	1	1	1	0	13	41
chr21	6318605	6320882	1	1	1	0	9	36
chr21	6318605	6724392	1	1	0	0	5	41
chr21	6318605	7051461	1	1	0	0	5	41
chr21	6320975	6322599	1	1	1	0	3	41
chr21	6322698	6323873	1	1	1	0	5	31
chr21	6322698	6329547	1	1	1	0	17	47
chr21	6322698	6353085	1	1	1	0	1	28
chr21	6324087	6329547	1	1	1	0	9	33
chr21	6327660	6328657	2	2	0	0	3	28
chr21	6329570	6359615	1	1	0	0	1	13
chr21	6330922	6332408	1	1	1	0	1	42
chr21	6347509	6347643	1	3	0	0	1	17
chr21	6348305	6353085	1	1	1	0	2	41
chr21	6636041	6640821	2	2	1	0	2	41
chr21	6636041	6666428	2	2	1	0	1	28
chr21	6641481	6641615	1	3	0	0	1	15
chr21	6656718	6658204	2	2	1	0	1	42
chr21	6659579	6665039	2	2	1	0	9	33
chr21	6659579	6666428	2	2	1	0	16	47
chr21	6660469	6661466	1	1	0	0	3	28
chr21	6665253	6666428	2	2	1	0	5	31
chr21	6666527	6668151	2	2	1	0	3	41
chr21	6668244	6670521	2	2	1	0	9	36
chr21	6668255	6670521	2	2	1	0	13	41
chr21	6668282	6670521	2	2	1	0	1	18
chr21	6986649	6992109	2	2	1	0	9	33
chr21	6986649	6993498	2	2	1	0	16	47
chr21	6987539	6988536	1	1	0	0	3	28
chr21	6992323	6993498	2	2	1	0	5	31
chr21	6993597	6995221	2	2	1	0	3	41
chr21	6995033	6995140	2	2	1	0	1	8
chr21	6995314	6997591	2	2	1	0	9	36
chr21	6995325	6997591	2	2	1	0	13	41
chr21	6995352	6997591	2	2	1	0	1	18
chr21	7049061	7081048	1	1	1	0	4	19
chr21	7081214	7085244	1	1	1	0	2	29
chr21	7430839	7462826	1	1	1	0	4	19
chr21	7462992	7467022	1	1	1	0	2	29
chr21	7615325	7617320	1	1	1	0	3	16
chr21	7616492	7617320	1	1	1	0	3	33
chr21	7671383	7675413	2	2	1	0	2	29
chr21	8105227	8106055	2	2	1	0	3	33
chr21	8105227	8107222	2	2	1	0	3	16
chr21	8759139	8761275	1	1	1	0	5	24
chr21	8786429	8838199	2	2	0	0	3	15
chr21	8862524	8863997	1	1	1	0	2	26
chr21	8862524	8864000	1	1	1	0	1	26
chr21	8862528	8863997	1	1	1	0	1	25
chr21	9077715	9127488	2	2	1	0	1	31
chr21	9102472	9102571	1	1	0	0	4	47
chr21	9106255	9144192	1	3	0	0	1	27
chr21	25577204	25589531	2	4	0	0	1	40
chr21	31032261	31096693	1	1	0	0	7	46
chr21	31369025	31567305	1	1	0	0	3	46
chr21	33702348	33730926	2	2	0	0	1	41
chr21	38134864	38161728	2	2	0	0	1	46
chr21	38405977	38457260	2	2	0	0	2	38
chr21	44020295	44023199	0	0	0	0	3	36
chr21	44833586	44915272	2	2	0	0	3	47
chr22	11825548	11832760	1	1	1	0	3	18
chr22	11846350	11868678	2	2	1	0	2	3
chr22	11846350	11878919	2	2	1	0	2	3
chr22	12159593	12166829	2	2	1	0	3	18
chr22	17635942	17801385	2	2	0	0	3	46
chr22	18098605	18142489	2	4	0	0	2	27
chr22	18173843	18176771	1	1	1	0	4	46
chr22	18344680	18344911	1	1	1	0	1	34
chr22	18345449	18345752	1	1	1	0	10	31
chr22	18516648	18516951	2	2	1	0	10	31
chr22	18517490	18517721	2	2	1	0	1	34
chr22	18773969	18774272	2	2	1	0	9	31
chr22	18774810	18775041	2	2	1	0	1	34
chr22	18892928	18896693	1	1	0	0	4	40
chr22	18894394	18896693	1	1	0	0	4	40
chr22	18982349	19014076	1	1	0	0	1	32
chr22	20005605	20039415	1	1	0	0	1	39
chr22	20369834	20373866	1	1	0	0	1	46
chr22	21106246	21115928	1	1	1	0	10	47
chr22	21117259	21118203	1	1	1	0	2	26
chr22	21117259	21118786	1	1	1	0	3	31
chr22	21117259	21121930	1	1	1	0	1	39
chr22	21118950	21121930	1	1	1	0	3	40
chr22	21118950	21121938	1	1	1	0	1	7
chr22	21288585	21291565	2	2	1	0	3	40
chr22	21291729	21293256	2	2	1	0	3	31
chr22	21292312	21293256	2	2	1	0	2	26
chr22	21331753	21377083	2	4	0	0	1	38
chr22	21358993	21543044	0	0	0	0	40	45
chr22	21389035	21389130	2	2	0	0	1	27
chr22	21400794	21485684	1	3	0	0	2	24
chr22	21431011	21431927	0	0	0	0	3	30
chr22	21494957	21495293	2	2	0	0	1	27
chr22	21502946	21503862	2	6	0	0	3	35
chr22	21615341	21664905	1	1	0	0	1	41
chr22	23967023	23967385	1	1	1	0	366	46
chr22	23967029	23967385	1	1	0	0	2	31
chr22	23967562	23968143	1	1	0	0	1	12
chr22	23971624	23973104	2	2	1	0	5	33
chr22	23971624	23973553	2	2	0	0	1	42
chr22	23971624	23973767	2	2	1	0	323	46
chr22	23971624	23974306	2	2	0	0	5	43
chr22	23973186	23973767	2	2	0	0	1	12
chr22	23973344	23973767	2	2	1	0	8	45
chr22	23973348	23973767	2	2	1	0	1	44
chr22	23973944	23974300	2	2	0	0	2	31
chr22	23973944	23974306	2	2	1	0	366	46
chr22	26047215	26051311	2	2	0	0	1	46
chr22	28860440	28881723	2	2	0	0	1	46
chr22	29038851	29039728	2	2	0	0	1	38
chr22	30710693	30714698	2	2	0	0	1	31
chr22	31428294	31455480	2	2	0	0	2	33
chr22	31727769	31756707	1	1	0	0	1	41
chr22	31745307	31756850	1	3	0	0	2	44
chr22	32429455	32449982	2	2	0	0	1	30
chr22	33358896	33383457	1	3	0	0	1	40
chr22	35455224	35457492	2	2	0	0	1	33
chr22	37923024	37923314	2	4	0	0	1	23
chr22	38283172	38283749	2	4	0	0	1	19
chr22	38534485	38534783	2	2	0	0	1	30
chr22	38577392	38646494	2	2	0	0	3	46
chr22	39424527	39449304	2	2	0	0	1	17
chr22	40595399	40608293	1	1	0	0	1	23
chr22	40756676	40789551	1	3	0	0	1	27
chr22	41571135	41612290	2	2	0	0	1	42
chr22	41992309	42012921	1	1	0	0	1	39
chr22	42489374	42538596	1	1	0	0	1	38
chr22	42547025	42547286	1	3	0	0	1	45
chr22	42647530	42663697	2	2	0	0	1	36
chr22	43046157	43145534	1	1	0	0	2	45
chr22	43088576	43116689	2	2	0	0	4	46
chr22	43088576	43194273	2	2	0	0	4	46
chr22	48122755	48149606	2	4	0	0	1	27
chr22	50295889	50350630	1	1	0	0	2	46
chr22	50330491	50365463	1	1	0	0	1	41
chrX	483555	544791	0	0	0	0	8	42
chrX	764707	782477	2	2	0	0	5	39
chrX	1072953	1107501	1	1	0	0	1	39
chrX	1156049	1245282	2	4	0	0	3	46
chrX	1756429	1855363	1	1	0	0	2	20
chrX	1800629	1900462	2	2	0	0	2	41
chrX	7843306	7843497	1	1	1	0	5	46
chrX	7843753	7843812	1	1	1	0	1	17
chrX	8170350	8170541	2	2	1	0	5	46
chrX	18978704	18992365	2	2	0	0	1	17
chrX	20490629	20494400	1	1	0	0	1	37
chrX	23998490	24036193	2	2	0	0	1	41
chrX	28985892	29008408	2	2	0	0	1	31
chrX	40643177	40702594	2	2	0	0	2	30
chrX	41132386	41149785	2	2	0	0	1	34
chrX	41195098	41243089	1	1	0	0	1	27
chrX	44835356	44964255	2	2	0	0	3	29
chrX	47158221	47159380	2	4	0	0	1	25
chrX	48266392	48266853	1	1	1	0	1	16
chrX	51491750	51495950	2	2	1	0	1	24
chrX	51628845	51650345	2	2	0	0	1	31
chrX	51840663	51871500	2	2	0	0	1	40
chrX	51897887	51898113	1	1	1	0	3	32
chrX	51898194	51898284	1	1	1	0	3	39
chrX	51898328	51898580	1	1	1	0	1	41
chrX	52062039	52062233	2	2	1	0	1	39
chrX	52064544	52064628	2	2	1	0	2	37
chrX	52064709	52065329	2	2	1	0	1	29
chrX	52191862	52192056	1	1	1	0	1	39
chrX	52495910	52497315	1	1	1	0	6	36
chrX	52497458	52497984	1	1	1	0	21	43
chrX	52497474	52497984	1	1	1	0	4	36
chrX	52498112	52500701	1	1	1	0	34	44
chrX	52512188	52514777	2	2	1	0	34	44
chrX	52514905	52515415	2	2	1	0	4	36
chrX	52514905	52515431	2	2	1	0	21	43
chrX	52515574	52516979	2	2	1	0	6	36
chrX	55070682	55084557	1	1	0	0	1	43
chrX	57593768	57594017	1	1	0	0	1	42
chrX	57908464	57908713	2	2	0	0	1	42
chrX	63523697	63611080	1	1	0	0	2	17
chrX	64546795	64574026	1	1	0	0	1	35
chrX	70954712	71026538	1	1	0	0	3	46
chrX	71140223	71260162	1	3	0	0	4	45
chrX	71220266	71353695	1	1	0	0	3	43
chrX	71260182	71405512	1	3	0	0	3	40
chrX	72936028	72936600	2	2	1	0	3	31
chrX	72936688	72937344	2	2	1	0	1	23
chrX	75185621	75235355	1	1	0	0	1	30
chrX	76649821	76660503	2	2	0	0	1	29
chrX	77865335	77896122	1	3	0	0	1	24
chrX	83629797	83673387	1	1	0	0	1	22
chrX	100657023	100669867	1	1	0	0	1	45
chrX	100954201	101013533	2	2	0	0	2	43
chrX	101615468	101616671	2	2	0	0	5	45
chrX	101615761	101616671	2	2	1	0	6	36
chrX	102326324	102326469	1	1	1	0	4	40
chrX	102360646	102360791	2	2	1	0	4	40
chrX	103215765	103216148	1	1	1	0	8	29
chrX	103238616	103288598	2	2	0	0	1	40
chrX	103309982	103310357	2	2	1	0	8	29
chrX	103962395	103964505	1	1	0	0	1	38
chrX	103962724	103964505	1	1	1	0	12	35
chrX	103964295	103964505	1	1	1	0	3	25
chrX	103964623	103965538	1	1	1	0	6	28
chrX	103964623	103966668	1	1	0	0	1	26
chrX	103977028	103977932	1	1	0	0	1	41
chrX	104060850	104061682	2	4	1	0	1	33
chrX	104060929	104061834	2	2	0	0	1	41
chrX	104061879	104062078	2	2	1	0	1	26
chrX	104072195	104074240	2	2	0	0	1	26
chrX	104073325	104074240	2	2	1	0	6	28
chrX	104074358	104076139	2	2	1	0	12	35
chrX	104074358	104076468	2	2	0	0	1	38
chrX	115886963	115968960	2	2	1	0	1	37
chrX	119525060	119544747	2	4	0	0	7	27
chrX	119991702	119992500	1	1	1	0	1	4
chrX	120077289	120077473	2	2	1	0	1	15
chrX	120158830	120159014	1	1	1	0	1	15
chrX	129990464	130022478	2	2	0	0	1	36
chrX	130142789	130184032	1	1	0	0	1	18
chrX	131126808	131155863	1	1	0	0	1	37
chrX	135051369	135051916	2	2	1	0	7	34
chrX	135120673	135123240	1	1	1	0	1	23
chrX	135249302	135251865	2	2	1	0	1	23
chrX	135882630	135883007	2	2	1	0	1	38
chrX	136614941	136639022	2	2	0	0	1	32
chrX	149542052	149546845	2	2	0	0	2	47
chrX	149545501	149545601	1	1	1	0	1	41
chrX	149545884	149546738	1	1	1	0	36	47
chrX	149546918	149549415	1	1	1	0	4	39
chrX	149930082	149932588	2	2	1	0	4	39
chrX	149932346	149932433	0	0	0	0	4	33
chrX	149932768	149933621	2	2	1	0	36	47
chrX	149933904	149934004	2	2	1	0	1	41
chrX	153072607	153072934	1	1	1	0	1	13
chrX	153108780	153109944	1	1	0	0	1	46
chrX	153290000	153291164	2	2	0	0	1	46
chrX	154392121	154397584	2	2	0	0	1	28
chrX	154545622	154587418	1	1	0	1	0	30
chrX	154556377	154558531	1	1	1	0	1	5
chrX	154556377	154586525	1	1	0	0	1	45
chrX	154562954	154563558	1	1	1	0	1	43
chrX	154563702	154563958	1	1	1	0	2	43
chrX	154586485	154586657	1	1	0	0	1	42
chrX	154617768	154617940	2	2	0	0	1	42
chrX	154617768	154652308	2	2	0	0	1	42
chrX	154617900	154648061	2	2	0	0	1	45
chrX	154640479	154640735	2	2	1	0	2	43
chrX	154640879	154641484	2	2	1	0	1	43
chrX	154645907	154648061	2	2	1	0	1	10
chrX	154652136	154652308	2	2	0	0	1	42
chrX	154887160	154887698	2	2	0	0	1	44
chrX	155348891	155349581	1	1	1	0	15	45
chrX	155350780	155351876	1	1	0	0	3	29
chrX	155382900	155383438	2	2	0	0	1	44
chrX	155489379	155490474	0	0	0	0	3	35
chrX	155491667	155492356	2	2	1	0	15	45
chrX	155492496	155506897	2	2	1	0	7	44
chrX	155493397	155506897	2	2	0	0	3	39
chrX	155598487	155672999	1	1	0	0	6	13
chrY	483555	544791	0	0	0	0	8	42
chrY	764707	782477	2	2	0	0	5	39
chrY	1072953	1107501	1	1	0	0	1	39
chrY	1156049	1245282	2	4	0	0	3	46
chrY	1756429	1855363	1	1	0	0	2	20
chrY	1800629	1900462	2	2	0	0	2	41
chrY	12134824	12186932	2	2	0	0	2	19
chrY	15146060	15155493	2	2	0	0	2	35
chrY	23943481	24110252	1	1	0	0	4	46
chrY	25559888	25726631	2	2	0	0	4	46
MU273365.1	9709	56833	1	1	0	0	1	46
ML143376.1	167049	206343	1	1	0	0	1	47
ML143376.1	276628	321869	1	1	0	0	1	17
ML143355.1	239640	279985	2	2	0	0	1	33
MU273333.1	676555	676731	2	2	1	0	2	39
MU273333.1	683414	683509	1	1	1	0	2	12
MU273333.1	974944	975039	2	2	1	0	2	12
KN538369.1	264492	279693	2	2	0	0	2	45
KN538369.1	383963	384118	1	3	0	0	1	24
MU273342.1	88635	92761	1	1	1	0	1	22
MU273342.1	92877	93041	1	1	1	0	17	43
MU273342.1	93216	97584	1	1	1	0	5	34
MU273342.1	97692	99157	1	1	1	0	2	27
MU273342.1	97692	101764	1	1	0	0	1	27
MU273342.1	101833	102227	1	1	0	0	1	30
MU273342.1	117367	188239	1	1	0	0	2	45
MU273342.1	154632	156295	1	1	1	0	4	29
MU273342.1	154632	163784	1	1	0	0	1	12
MU273342.1	156325	156418	1	1	1	0	6	29
MU273342.1	156492	158156	1	1	1	0	2	8
MU273342.1	160043	160135	1	1	1	0	2	29
MU273342.1	160209	161895	1	1	1	0	3	6
MU273342.1	161925	186366	1	1	0	0	3	29
MU273342.1	161925	188239	1	1	0	0	2	45
MU273342.1	162100	163784	1	1	1	0	1	11
MU273342.1	162100	178765	1	1	0	0	1	29
MU273342.1	163814	188239	1	1	0	0	1	29
MU273342.1	163989	165675	1	1	1	0	6	29
MU273342.1	163989	178765	1	1	0	0	1	29
MU273342.1	165705	165806	1	1	1	0	2	22
MU273342.1	165705	186366	1	1	0	0	3	29
MU273342.1	165705	188239	1	1	0	0	1	29
MU273342.1	165880	167555	1	1	1	0	1	29
MU273342.1	167585	167678	1	1	1	0	1	21
MU273342.1	169453	169542	1	1	1	0	1	31
MU273342.1	175224	176899	1	1	1	0	1	11
MU273342.1	176929	177018	1	1	1	0	1	29
MU273342.1	178795	178888	1	1	1	0	1	22
MU273342.1	178962	184378	1	1	0	0	1	20
MU273342.1	182538	182631	1	1	1	0	1	30
MU273342.1	186440	188116	1	1	1	0	1	11
MU273342.1	188146	188239	1	1	1	0	1	29
MU273342.1	188313	189998	1	1	1	0	16	30
MU273342.1	190028	190122	1	1	1	0	19	29
MU273342.1	190196	191505	1	1	0	0	2	12
MU273342.1	190196	191635	1	1	0	0	1	37
MU273342.1	190196	191874	1	1	1	0	13	29
MU273342.1	191904	191997	1	1	1	0	21	32
MU273342.1	192071	193747	1	1	1	0	3	14
MU273342.1	192071	193749	1	1	0	0	1	17
MU273342.1	193945	199503	1	1	1	0	19	45
MU273342.1	193945	199506	1	1	1	0	18	45
MU273342.1	199578	208427	1	1	1	0	48	46
MU273342.1	208570	209822	1	1	0	0	9	44
MU273342.1	208570	215963	1	1	1	0	57	46
MU273342.1	216178	218543	1	1	1	0	4	14
MU273342.1	218728	219854	1	1	1	0	12	33
MU273342.1	220770	222173	1	1	1	0	10	34
MU273342.1	222327	223841	1	1	1	0	2	35
MU273342.1	223913	224249	1	1	1	0	14	43
MU273342.1	224344	224841	1	1	1	0	8	44
MU273342.1	224872	225471	1	1	1	0	1	30
MU273342.1	258863	259387	1	3	1	0	2	19
MU273342.1	258863	259398	1	3	1	0	1	25
MU273342.1	259484	259575	1	1	1	0	14	29
MU273342.1	259706	260000	1	1	1	0	1	13
MU273342.1	259706	266237	1	1	1	0	22	45
MU273342.1	260222	266237	1	1	1	0	4	13
MU273342.1	432467	433066	2	2	1	0	1	30
MU273342.1	433097	433594	2	2	1	0	8	44
MU273342.1	433689	434025	2	2	1	0	14	43
MU273342.1	434097	435611	2	2	1	0	2	35
MU273342.1	435765	437168	2	2	1	0	10	34
MU273342.1	438084	439210	2	2	1	0	12	33
MU273342.1	439395	441762	2	2	1	0	4	14
MU273342.1	441977	449356	2	2	1	0	57	46
MU273342.1	441998	449356	2	2	0	0	1	39
MU273342.1	448104	449356	2	2	0	0	5	16
MU273342.1	449499	458341	2	2	1	0	43	46
MU273342.1	458413	461970	2	2	0	0	2	41
MU273342.1	458416	462330	2	2	1	0	13	40
MU273342.1	462528	464198	2	2	1	0	6	19
MU273342.1	464272	464365	2	2	1	0	15	32
MU273342.1	464395	466064	2	2	1	0	8	29
MU273342.1	466138	466231	2	2	1	0	1	9
MU273342.1	466261	467941	2	2	1	0	4	20
MU273342.1	466501	467941	2	2	0	0	1	37
MU273342.1	466631	467941	2	2	0	0	2	12
MU273342.1	468015	468109	2	2	1	0	19	29
MU273342.1	468139	469820	2	2	1	0	16	30
MU273342.1	469894	469987	2	2	1	0	2	29
MU273342.1	470017	471696	2	2	1	0	1	11
MU273342.1	473640	473733	2	2	1	0	1	29
MU273342.1	473763	475449	2	2	1	0	1	29
MU273342.1	475523	475616	2	2	1	0	1	7
MU273342.1	477512	479198	2	2	1	0	5	12
MU273342.1	479272	479373	2	2	1	0	5	15
MU273342.1	481164	481256	2	2	1	0	1	29
MU273342.1	481286	482967	2	2	1	0	2	12
MU273342.1	483041	483134	2	2	1	0	5	29
MU273342.1	483164	484829	2	2	1	0	4	11
MU273342.1	484903	484996	2	2	1	0	5	29
MU273342.1	485026	486695	2	2	1	0	5	29
MU273342.1	486892	510974	2	2	1	0	6	7
MU273342.1	502018	502409	2	2	0	0	1	30
MU273342.1	502478	506492	2	2	0	0	1	27
MU273342.1	506600	510974	2	2	1	0	6	24
MU273342.1	511149	511314	2	2	1	0	17	43
MU273342.1	511430	515555	2	2	1	0	3	37
MU273374.1	732369	787767	1	1	0	0	6	33
MU273374.1	778369	779790	1	1	1	0	1	29
MU273374.1	778858	779761	1	1	1	0	1	32
MU273374.1	779941	787767	1	1	1	0	19	41
MU273374.1	846205	846459	1	1	0	0	1	20
MU273374.1	846439	846459	1	1	0	0	2	37
MU273374.1	923534	924573	2	2	0	0	1	47
MU273374.1	979986	983262	2	2	0	0	1	23
MU273374.1	1004409	1004471	2	4	0	0	1	41
MU273374.1	1004680	1005060	2	2	1	0	1	13
MU273374.1	1061530	1062444	2	2	1	0	1	32
MU273374.1	1144649	1144766	2	2	1	0	1	14
ML143371.1	3651307	3700124	2	2	0	0	1	38
ML143371.1	3652240	3653063	1	1	0	0	2	40
ML143371.1	3656553	3678276	1	1	0	0	3	22
ML143371.1	4224851	4225506	1	1	1	0	1	23
ML143371.1	4275422	4276077	2	2	1	0	1	23
MU273384.1	74223	81573	1	1	0	0	1	45
MU273384.1	180397	255203	2	2	0	0	2	43
ML143373.1	82325	107208	2	2	0	0	2	38
ML143345.1	201458	203567	1	1	0	0	3	18
ML143345.1	237139	250323	2	2	0	0	1	34
KV575244.1	304879	352129	2	2	0	0	1	22
KV575244.1	580717	580851	2	4	0	0	1	37
KZ208912.1	227339	227426	1	1	0	0	1	44
KZ208912.1	227621	227771	1	1	0	0	1	28
KZ208912.1	397674	397824	2	2	0	0	1	28
KZ208915.1	473799	496322	1	1	0	0	1	42
KZ208915.1	578148	579379	1	1	0	0	2	23
KZ208915.1	3741435	3784659	1	1	0	0	1	18
KV880768.1	562440	562968	1	3	0	0	1	37
KV880768.1	562946	608344	2	2	0	0	2	24
KV880768.1	1326214	1345919	2	2	0	0	1	19
KV880768.1	1708270	1708798	2	4	0	0	1	37
KI270832.1	184299	184744	1	1	0	0	1	33
KI270847.1	269239	306088	1	1	0	0	1	38
KI270905.1	2013881	2024696	1	1	0	0	1	23
KI270905.1	2370095	2370986	1	1	1	0	3	39
KI270905.1	2394005	2394936	1	1	0	0	1	23
KI270905.1	2671864	2678129	2	2	1	0	1	25
KI270850.1	85762	174424	2	2	0	0	9	45
KI270850.1	86731	175368	1	1	0	0	2	35
KI270850.1	90693	96229	2	2	0	0	1	35
KI270850.1	91060	113433	1	1	0	0	1	24
KI270850.1	94508	94551	2	4	0	0	1	44
KI270850.1	104895	250160	0	0	0	0	3	34
KI270850.1	107009	252275	0	0	0	0	3	33
KI270850.1	174412	239861	1	1	0	0	2	44
KI270850.1	243731	266112	2	2	0	0	1	24
KI270850.1	261260	266358	2	2	0	0	1	20
KI270850.1	262621	262664	1	3	0	0	1	44
KI270850.1	266021	266112	2	2	1	0	1	40
KI270850.1	266204	266473	2	2	1	0	1	39
KI270850.1	266379	266473	2	2	1	0	3	20
KQ031389.1	1871547	1890509	2	2	0	0	2	33
KQ031389.1	1893799	1894381	2	2	1	0	1	40
KQ031389.1	2141952	2142535	1	1	1	0	1	40
KI270853.1	299026	299153	2	2	0	0	3	24
KI270853.1	529019	529084	1	1	1	0	3	28
KI270853.1	529788	532616	1	1	1	0	1	33
KI270853.1	537786	539406	1	1	0	0	1	19
KI270853.1	537786	539447	1	1	1	0	2	14
KI270853.1	539543	546210	1	1	0	0	1	46
KI270853.1	539543	550694	1	1	0	0	1	46
KI270853.1	539543	555176	1	1	0	0	1	46
KI270853.1	539565	541686	1	1	0	0	1	35
KI270853.1	539565	550694	1	1	1	0	7	45
KI270853.1	550824	555176	1	1	1	0	6	32
KI270853.1	559334	562296	1	1	1	0	6	43
KI270853.1	651533	651770	1	3	0	0	1	40
KI270853.1	671929	685016	2	2	0	0	1	28
KI270853.1	680845	681345	1	1	0	0	1	19
KI270853.1	681814	714245	1	1	0	0	1	30
KI270853.1	707391	842734	0	0	0	0	3	32
KI270853.1	717653	717780	1	1	0	0	3	24
KI270853.1	717653	717906	1	1	0	0	3	24
KI270853.1	717808	740660	1	1	0	0	1	12
KI270853.1	717830	748851	2	2	0	0	1	45
KI270853.1	717956	748851	2	2	0	0	1	45
KI270853.1	718118	718910	2	2	1	0	2	44
KI270853.1	718118	719476	2	2	1	0	1	36
KI270853.1	719513	719621	2	2	1	0	1	19
KI270853.1	719683	720697	2	2	1	0	2	40
KI270853.1	720806	723753	2	2	1	0	2	43
KI270853.1	727927	732086	2	2	1	0	5	41
KI270853.1	727927	734339	2	2	0	0	2	46
KI270853.1	732173	734339	2	2	1	0	7	41
KI270853.1	732364	734339	2	2	0	0	2	46
KI270853.1	734578	736243	2	2	1	0	7	39
KI270853.1	736371	736460	2	2	1	0	3	31
KI270853.1	741383	744227	2	2	1	0	1	33
KI270853.1	744381	744770	2	2	1	0	3	24
KI270853.1	744931	744996	2	2	1	0	3	28
KI270853.1	753133	753344	2	2	1	0	1	28
KI270853.1	753515	753782	2	2	1	0	7	19
KI270853.1	753855	753975	2	2	1	0	2	30
KI270853.1	754048	759678	2	2	1	0	8	42
KI270853.1	794761	827210	2	2	0	0	1	30
KI270853.1	824009	837099	1	1	0	0	1	28
KI270853.1	827680	828180	2	2	0	0	1	19
KI270853.1	851511	852510	1	1	0	0	2	22
KI270853.1	857259	857497	2	4	0	0	1	40
KI270853.1	869357	875017	2	2	0	0	1	28
KI270853.1	1008365	1021726	2	2	0	0	1	15
KI270853.1	1021667	1021735	1	1	0	0	1	26
KI270853.1	1021805	1021861	1	1	0	0	5	43
KI270853.1	1022016	1023374	2	2	1	0	11	36
KI270853.1	1023411	1023519	2	2	1	0	10	19
KI270853.1	1023581	1024598	2	2	1	0	4	3
KI270853.1	1024707	1027656	2	2	1	0	1	5
KI270853.1	1027802	1027964	2	2	1	0	5	31
KI270853.1	1068997	1086475	1	1	0	0	1	31
KI270853.1	1068997	1095719	1	1	0	0	1	31
KI270853.1	1212704	1286467	1	3	0	0	2	26
KI270853.1	1824592	1839719	2	2	0	0	1	36
GL000258.2	253215	395518	1	1	0	0	3	46
GL000258.2	331855	341855	1	1	0	0	1	30
GL000258.2	563209	609706	1	1	0	0	1	22
GL000258.2	1149419	1166796	1	1	0	0	2	25
GL000258.2	1211149	1211237	1	1	0	0	2	16
GL000258.2	1259162	1259250	2	2	0	0	2	16
GL000258.2	1472978	1474307	1	1	0	0	1	25
GL000258.2	1474085	1496700	2	2	0	0	1	19
KI270862.1	238398	306484	2	2	0	0	2	46
KI270862.1	367396	370420	1	1	0	0	2	33
KI270908.1	274129	285043	1	1	0	0	1	47
KI270908.1	324131	340627	2	2	0	0	2	25
KI270908.1	879375	925840	2	2	0	0	1	22
KI270908.1	920951	925840	2	2	0	0	1	30
KI270908.1	974196	984539	1	3	0	0	1	27
KI270857.1	1547762	1587049	2	2	0	0	1	25
GL949746.1	201443	239348	2	4	0	0	1	37
GL949752.1	150647	172824	1	1	0	0	1	44
KI270879.1	203386	203748	1	1	1	0	366	46
KI270879.1	203392	203748	1	1	0	0	2	31
KI270879.1	203925	204506	1	1	0	0	1	12
KI270879.1	207988	209468	2	2	1	0	5	33
KI270879.1	207988	209917	2	2	0	0	1	42
KI270879.1	207988	210131	2	2	1	0	323	46
KI270879.1	207988	210670	2	2	0	0	5	43
KI270879.1	209550	210131	2	2	0	0	1	12
KI270879.1	209708	210131	2	2	1	0	8	45
KI270879.1	209712	210131	2	2	1	0	1	44
KI270879.1	210308	210664	2	2	0	0	2	31
KI270879.1	210308	210670	2	2	1	0	366	46
MU273338.1	140139	141424	2	2	0	0	2	26
KI270768.1	61502	70504	1	1	1	0	1	45
MU273340.1	269622	269878	2	2	1	0	8	32
KQ090015.1	156062	201530	1	1	0	0	1	43
KI270897.1	141264	145735	1	1	1	0	7	44
KI270897.1	293134	331176	1	1	0	0	1	42
KI270897.1	492452	523803	2	2	0	0	3	33
KI270897.1	492452	549186	2	2	0	0	13	46
KI270897.1	492452	651350	2	2	0	0	13	46
KI270897.1	665696	668305	2	2	1	0	8	46
KI270897.1	723423	748326	2	2	1	0	7	44
GL339449.2	239382	371006	1	1	0	0	3	33
GL339449.2	281171	437685	2	2	0	0	3	43
GL339449.2	348139	349080	1	1	1	0	2	7
GL339449.2	349145	377779	1	3	0	0	1	12
GL339449.2	349575	349915	1	1	1	0	2	25
GL339449.2	350003	350675	1	1	1	0	1	17
GL339449.2	350003	361685	1	1	0	0	2	28
GL339449.2	351157	355387	1	1	1	0	1	7
GL339449.2	355494	361685	1	1	1	0	6	22
GL339449.2	361777	361994	1	1	1	0	7	31
GL339449.2	362083	362730	1	1	1	0	29	47
GL339449.2	362839	365337	1	1	1	0	33	43
GL339449.2	362839	365375	1	1	0	0	1	26
GL339449.2	362839	373290	1	1	0	0	1	32
GL339449.2	363585	364948	2	4	0	0	1	13
GL339449.2	365402	368557	1	1	1	0	27	45
GL339449.2	368599	375153	1	3	0	0	1	32
GL339449.2	368662	369217	1	1	1	0	60	47
GL339449.2	369321	373290	1	1	1	0	96	40
GL339449.2	373331	375041	1	1	1	0	93	42
GL339449.2	441009	441973	2	2	0	0	1	18
GL339449.2	486871	936785	2	2	0	0	4	46
GL339449.2	486871	1055931	2	2	0	0	4	46
GL339449.2	911759	915348	1	1	1	0	2	8
GL339449.2	963216	963387	1	1	0	0	1	39
GL339449.2	963352	991952	2	4	0	0	1	12
GL339449.2	965980	972499	2	4	0	0	1	32
GL339449.2	966092	967802	2	2	1	0	93	42
GL339449.2	967843	971777	2	2	1	0	96	40
GL339449.2	967843	978266	2	2	0	0	1	32
GL339449.2	971881	972436	2	2	1	0	60	47
GL339449.2	972541	975701	2	2	1	0	27	45
GL339449.2	975728	978266	2	2	0	0	1	26
GL339449.2	975766	978266	2	2	1	0	33	43
GL339449.2	978375	979022	2	2	1	0	29	47
GL339449.2	979111	979328	2	2	1	0	4	25
GL339449.2	979420	985595	2	2	1	0	10	38
GL339449.2	979420	991094	2	2	0	0	2	28
GL339449.2	985702	989940	2	2	1	0	1	13
GL339449.2	990422	991094	2	2	1	0	1	18
GL339449.2	991182	991522	2	2	1	0	2	25
GL339449.2	992017	992958	2	2	1	0	2	7
GL339449.2	1134583	1138154	2	2	1	0	2	8
KI270795.1	93756	101223	2	2	0	0	52	46
KI270898.1	89128	98149	2	2	0	0	52	46
GL000250.2	3116319	3145970	1	3	0	0	1	25
GL000251.2	3260950	3290600	1	3	0	0	1	25
GL000252.2	3031481	3061127	1	3	0	0	1	25
GL000252.2	3334017	3335419	1	1	0	0	1	33
GL000254.2	3434654	3436056	1	1	0	0	1	33
KI270728.1	1695964	1697113	1	1	1	0	3	13
KI270728.1	1863418	1864561	2	2	1	0	3	13
KI270728.1	1869506	1870302	2	4	1	0	1	44
KI270743.1	69018	70438	1	1	1	0	1	29
KI270743.1	190569	206048	2	2	1	0	1	15
KI270743.1	206108	207517	2	2	1	0	1	29
